"","field","year","crop_unified","distance_to_tree_strip","yield_tha","fert_N","temp_C_mean","precip_mm_sum","sun_MJ_m2_mean","AFage","treeage","clay","sand","silt","l_shdi","l_ed","l_np","l_contag","mean_slope","prop_swf_within","sowing_month","harvest_month","photo_path","log_AFage","log_dist","dist_bin","yield_rel","crop_season","R.1","R.2","R.3","R.4","R.5","R.6","R.7","R.8","R.9","R.10","SWF.swf_d100","SWF.swf_d200","SWF.swf_d300","SWF.swf_d400","SWF.swf_d500","SWF.swf_d600","SWF.swf_d700","SWF.swf_d800","SWF.swf_d900","SWF.swf_d1000","swf_id","PC1_s","PC1_c"
"1","Dornburg","2016","barley", 1.0, 3.6448750, 45.00000,12.430837,25.46429,18.21099,10, 3,322,160,519,0.8604143,29.99922,134,75.63238,1.0686394,0.013340583,"Mar","Jul","C3",2.3025851,0.000000,"1",0.83354416,"summer", 100, 200, 300, 400, 500, 600, 700, 800, 900,1000,0.0040026247,0.0008116413,0.0041673178,0.0057593353,0.0012090332,0.0005571474,0.0026555527,0.0008249124,0.0043139527,0.0084773986,"0.0040026247_0.0008116413_0.0041673178_0.0057593353_0.0012090332_0.0005571474_0.0026555527_0.0008249124_0.0043139527_0.0084773986", 1.7266330, 1.42573657
"2","Dornburg","2016","barley", 4.0, 4.7482250, 45.00000,12.430837,25.46429,18.21099,10, 3,322,160,519,0.8604143,29.99922,134,75.63238,1.0686394,0.013340583,"Mar","Jul","C3",2.3025851,1.386294,"4",1.08586857,"summer", 100, 200, 300, 400, 500, 600, 700, 800, 900,1000,0.0040026247,0.0008116413,0.0041673178,0.0057593353,0.0012090332,0.0005571474,0.0026555527,0.0008249124,0.0043139527,0.0084773986,"0.0040026247_0.0008116413_0.0041673178_0.0057593353_0.0012090332_0.0005571474_0.0026555527_0.0008249124_0.0043139527_0.0084773986", 1.7266330, 1.42573657
"3","Dornburg","2016","barley", 7.0, 4.8151500, 45.00000,12.430837,25.46429,18.21099,10, 3,322,160,519,0.8604143,29.99922,134,75.63238,1.0686394,0.013340583,"Mar","Jul","C3",2.3025851,1.945910,"7",1.10117361,"summer", 100, 200, 300, 400, 500, 600, 700, 800, 900,1000,0.0040026247,0.0008116413,0.0041673178,0.0057593353,0.0012090332,0.0005571474,0.0026555527,0.0008249124,0.0043139527,0.0084773986,"0.0040026247_0.0008116413_0.0041673178_0.0057593353_0.0012090332_0.0005571474_0.0026555527_0.0008249124_0.0043139527_0.0084773986", 1.7266330, 1.42573657
"4","Dornburg","2016","barley",24.0, 4.2827250, 45.00000,12.430837,25.46429,18.21099,10, 3,322,160,519,0.8604143,29.99922,134,75.63238,1.0686394,0.013340583,"Mar","Jul","C3",2.3025851,3.178054,"24",0.97941367,"summer", 100, 200, 300, 400, 500, 600, 700, 800, 900,1000,0.0040026247,0.0008116413,0.0041673178,0.0057593353,0.0012090332,0.0005571474,0.0026555527,0.0008249124,0.0043139527,0.0084773986,"0.0040026247_0.0008116413_0.0041673178_0.0057593353_0.0012090332_0.0005571474_0.0026555527_0.0008249124_0.0043139527_0.0084773986", 1.7266330, 1.42573657
"5","Dornburg","2017","rapeseed", 1.0, 1.5340000,105.00000, 8.797924,59.40558,13.67292,11, 4,322,160,519,0.8604143,29.99922,134,75.63238,1.0686394,0.027720049,"Sep","Jul","C3",2.3978953,0.000000,"1",0.66317212,"winter", 100, 200, 300, 400, 500, 600, 700, 800, 900,1000,0.0390165962,0.0210511896,0.0132743363,0.0181197089,0.0151144623,0.0161229729,0.0271862125,0.0261513914,0.0214479248,0.0274615348,"0.0390165962_0.0210511896_0.0132743363_0.0181197089_0.0151144623_0.0161229729_0.0271862125_0.0261513914_0.0214479248_0.0274615348", 1.7266330,-1.24700770
"6","Dornburg","2017","rapeseed", 4.0, 2.1565000,105.00000, 8.797924,59.40558,13.67292,11, 4,322,160,519,0.8604143,29.99922,134,75.63238,1.0686394,0.027720049,"Sep","Jul","C3",2.3978953,1.386294,"4",0.93228857,"winter", 100, 200, 300, 400, 500, 600, 700, 800, 900,1000,0.0390165962,0.0210511896,0.0132743363,0.0181197089,0.0151144623,0.0161229729,0.0271862125,0.0261513914,0.0214479248,0.0274615348,"0.0390165962_0.0210511896_0.0132743363_0.0181197089_0.0151144623_0.0161229729_0.0271862125_0.0261513914_0.0214479248_0.0274615348", 1.7266330,-1.24700770
"7","Dornburg","2017","rapeseed", 7.0, 2.1612500,105.00000, 8.797924,59.40558,13.67292,11, 4,322,160,519,0.8604143,29.99922,134,75.63238,1.0686394,0.027720049,"Sep","Jul","C3",2.3978953,1.945910,"7",0.93434207,"winter", 100, 200, 300, 400, 500, 600, 700, 800, 900,1000,0.0390165962,0.0210511896,0.0132743363,0.0181197089,0.0151144623,0.0161229729,0.0271862125,0.0261513914,0.0214479248,0.0274615348,"0.0390165962_0.0210511896_0.0132743363_0.0181197089_0.0151144623_0.0161229729_0.0271862125_0.0261513914_0.0214479248_0.0274615348", 1.7266330,-1.24700770
"8","Dornburg","2017","rapeseed",24.0, 3.4007500,105.00000, 8.797924,59.40558,13.67292,11, 4,322,160,519,0.8604143,29.99922,134,75.63238,1.0686394,0.027720049,"Sep","Jul","C3",2.3978953,3.178054,"24",1.47019724,"winter", 100, 200, 300, 400, 500, 600, 700, 800, 900,1000,0.0390165962,0.0210511896,0.0132743363,0.0181197089,0.0151144623,0.0161229729,0.0271862125,0.0261513914,0.0214479248,0.0274615348,"0.0390165962_0.0210511896_0.0132743363_0.0181197089_0.0151144623_0.0161229729_0.0271862125_0.0261513914_0.0214479248_0.0274615348", 1.7266330,-1.24700770
"9","Dornburg","2018","wheat", 1.0, 4.3325000,213.00000, 9.009946,37.84279,14.77680,12, 5,322,160,519,0.8349939,29.19224,118,71.42153,1.0686394,0.027720049,"Oct","Jul","C3",2.4849066,0.000000,"1",0.69064461,"winter", 100, 200, 300, 400, 500, 600, 700, 800, 900,1000,0.0390165962,0.0210511896,0.0132743363,0.0181197089,0.0151144623,0.0161229729,0.0271862125,0.0261513914,0.0214479248,0.0274615348,"0.0390165962_0.0210511896_0.0132743363_0.0181197089_0.0151144623_0.0161229729_0.0271862125_0.0261513914_0.0214479248_0.0274615348", 1.7266330,-0.30920705
"10","Dornburg","2018","wheat", 4.0, 6.5125000,213.00000, 9.009946,37.84279,14.77680,12, 5,322,160,519,0.8349939,29.19224,118,71.42153,1.0686394,0.027720049,"Oct","Jul","C3",2.4849066,1.386294,"4",1.03815881,"winter", 100, 200, 300, 400, 500, 600, 700, 800, 900,1000,0.0390165962,0.0210511896,0.0132743363,0.0181197089,0.0151144623,0.0161229729,0.0271862125,0.0261513914,0.0214479248,0.0274615348,"0.0390165962_0.0210511896_0.0132743363_0.0181197089_0.0151144623_0.0161229729_0.0271862125_0.0261513914_0.0214479248_0.0274615348", 1.7266330,-0.30920705
"11","Dornburg","2018","wheat", 7.0, 7.2525000,213.00000, 9.009946,37.84279,14.77680,12, 5,322,160,519,0.8349939,29.19224,118,71.42153,1.0686394,0.027720049,"Oct","Jul","C3",2.4849066,1.945910,"7",1.15612235,"winter", 100, 200, 300, 400, 500, 600, 700, 800, 900,1000,0.0390165962,0.0210511896,0.0132743363,0.0181197089,0.0151144623,0.0161229729,0.0271862125,0.0261513914,0.0214479248,0.0274615348,"0.0390165962_0.0210511896_0.0132743363_0.0181197089_0.0151144623_0.0161229729_0.0271862125_0.0261513914_0.0214479248_0.0274615348", 1.7266330,-0.30920705
"12","Dornburg","2018","wheat",24.0, 6.9950000,213.00000, 9.009946,37.84279,14.77680,12, 5,322,160,519,0.8349939,29.19224,118,71.42153,1.0686394,0.027720049,"Oct","Jul","C3",2.4849066,3.178054,"24",1.11507423,"winter", 100, 200, 300, 400, 500, 600, 700, 800, 900,1000,0.0390165962,0.0210511896,0.0132743363,0.0181197089,0.0151144623,0.0161229729,0.0271862125,0.0261513914,0.0214479248,0.0274615348,"0.0390165962_0.0210511896_0.0132743363_0.0181197089_0.0151144623_0.0161229729_0.0271862125_0.0261513914_0.0214479248_0.0274615348", 1.7266330,-0.30920705
"13","Dornburg","2019","barley", 1.0, 2.0225000, 18.00000,13.369363,20.82727,21.71985,13, 6,322,160,519,0.8276570,30.54191,140,71.55876,1.0686394,0.027720049,"Mar","Jul","C3",2.5649494,0.000000,"1",0.46783288,"summer", 100, 200, 300, 400, 500, 600, 700, 800, 900,1000,0.0390165962,0.0210511896,0.0132743363,0.0181197089,0.0151144623,0.0161229729,0.0271862125,0.0261513914,0.0214479248,0.0274615348,"0.0390165962_0.0210511896_0.0132743363_0.0181197089_0.0151144623_0.0161229729_0.0271862125_0.0261513914_0.0214479248_0.0274615348", 1.7266330, 2.35461657
"14","Dornburg","2019","barley", 4.0, 4.7962500, 18.00000,13.369363,20.82727,21.71985,13, 6,322,160,519,0.8276570,30.54191,140,71.55876,1.0686394,0.027720049,"Mar","Jul","C3",2.5649494,1.386294,"4",1.10944051,"summer", 100, 200, 300, 400, 500, 600, 700, 800, 900,1000,0.0390165962,0.0210511896,0.0132743363,0.0181197089,0.0151144623,0.0161229729,0.0271862125,0.0261513914,0.0214479248,0.0274615348,"0.0390165962_0.0210511896_0.0132743363_0.0181197089_0.0151144623_0.0161229729_0.0271862125_0.0261513914_0.0214479248_0.0274615348", 1.7266330, 2.35461657
"15","Dornburg","2019","barley", 7.0, 4.8200000, 18.00000,13.369363,20.82727,21.71985,13, 6,322,160,519,0.8276570,30.54191,140,71.55876,1.0686394,0.027720049,"Mar","Jul","C3",2.5649494,1.945910,"7",1.11493422,"summer", 100, 200, 300, 400, 500, 600, 700, 800, 900,1000,0.0390165962,0.0210511896,0.0132743363,0.0181197089,0.0151144623,0.0161229729,0.0271862125,0.0261513914,0.0214479248,0.0274615348,"0.0390165962_0.0210511896_0.0132743363_0.0181197089_0.0151144623_0.0161229729_0.0271862125_0.0261513914_0.0214479248_0.0274615348", 1.7266330, 2.35461657
"16","Dornburg","2019","barley",24.0, 5.6537500, 18.00000,13.369363,20.82727,21.71985,13, 6,322,160,519,0.8276570,30.54191,140,71.55876,1.0686394,0.027720049,"Mar","Jul","C3",2.5649494,3.178054,"24",1.30779240,"summer", 100, 200, 300, 400, 500, 600, 700, 800, 900,1000,0.0390165962,0.0210511896,0.0132743363,0.0181197089,0.0151144623,0.0161229729,0.0271862125,0.0261513914,0.0214479248,0.0274615348,"0.0390165962_0.0210511896_0.0132743363_0.0181197089_0.0151144623_0.0161229729_0.0271862125_0.0261513914_0.0214479248_0.0274615348", 1.7266330, 2.35461657
"17","Dornburg","2020","barley", 1.0, 0.7242857, 19.28571,12.289363,19.07831,22.64574,14, 7,322,160,519,0.8278522,29.66798,120,74.50347,1.0686394,0.077735330,"Mar","Jul","C3",2.6390573,0.000000,"1",0.34474406,"summer", 100, 200, 300, 400, 500, 600, 700, 800, 900,1000,0.0459746418,0.0160281291,0.0190511308,0.0278107827,0.0224509205,0.0366915033,0.0460453781,0.0413770722,0.0370210934,0.0289382175,"0.0459746418_0.0160281291_0.0190511308_0.0278107827_0.0224509205_0.0366915033_0.0460453781_0.0413770722_0.0370210934_0.0289382175", 1.7266330, 2.31640608
"18","Dornburg","2020","barley", 4.0, 2.0257143, 19.28571,12.289363,19.07831,22.64574,14, 7,322,160,519,0.8278522,29.66798,120,74.50347,1.0686394,0.077735330,"Mar","Jul","C3",2.6390573,1.386294,"4",0.96419541,"summer", 100, 200, 300, 400, 500, 600, 700, 800, 900,1000,0.0459746418,0.0160281291,0.0190511308,0.0278107827,0.0224509205,0.0366915033,0.0460453781,0.0413770722,0.0370210934,0.0289382175,"0.0459746418_0.0160281291_0.0190511308_0.0278107827_0.0224509205_0.0366915033_0.0460453781_0.0413770722_0.0370210934_0.0289382175", 1.7266330, 2.31640608
"19","Dornburg","2020","barley", 7.0, 2.6525000, 22.50000,12.289363,19.07831,22.64574,14, 7,322,160,519,0.8278522,29.66798,120,74.50347,1.0686394,0.077735330,"Mar","Jul","C3",2.6390573,1.945910,"7",1.26253161,"summer", 100, 200, 300, 400, 500, 600, 700, 800, 900,1000,0.0459746418,0.0160281291,0.0190511308,0.0278107827,0.0224509205,0.0366915033,0.0460453781,0.0413770722,0.0370210934,0.0289382175,"0.0459746418_0.0160281291_0.0190511308_0.0278107827_0.0224509205_0.0366915033_0.0460453781_0.0413770722_0.0370210934_0.0289382175", 1.7266330, 2.31640608
"20","Dornburg","2020","barley",24.0, 3.0012500, 22.50000,12.289363,19.07831,22.64574,14, 7,322,160,519,0.8278522,29.66798,120,74.50347,1.0686394,0.077735330,"Mar","Jul","C3",2.6390573,3.178054,"24",1.42852893,"summer", 100, 200, 300, 400, 500, 600, 700, 800, 900,1000,0.0459746418,0.0160281291,0.0190511308,0.0278107827,0.0224509205,0.0366915033,0.0460453781,0.0413770722,0.0370210934,0.0289382175,"0.0459746418_0.0160281291_0.0190511308_0.0278107827_0.0224509205_0.0366915033_0.0460453781_0.0413770722_0.0370210934_0.0289382175", 1.7266330, 2.31640608
"21","Dornburg","2021","wheat", 1.0, 4.1525000, 90.00000, 7.914577,53.73398,12.86173,15, 8,322,160,519,0.8492356,29.49883,120,73.89703,1.0686394,0.077735330,"Oct","Jul","C3",2.7080502,0.000000,"1",0.65938865,"winter", 100, 200, 300, 400, 500, 600, 700, 800, 900,1000,0.0459746418,0.0160281291,0.0190511308,0.0278107827,0.0224509205,0.0366915033,0.0460453781,0.0413770722,0.0370210934,0.0289382175,"0.0459746418_0.0160281291_0.0190511308_0.0278107827_0.0224509205_0.0366915033_0.0460453781_0.0413770722_0.0370210934_0.0289382175", 1.7266330,-1.38979288
"22","Dornburg","2021","wheat", 4.0, 6.3575000, 90.00000, 7.914577,53.73398,12.86173,15, 8,322,160,519,0.8492356,29.49883,120,73.89703,1.0686394,0.077735330,"Oct","Jul","C3",2.7080502,1.386294,"4",1.00952759,"winter", 100, 200, 300, 400, 500, 600, 700, 800, 900,1000,0.0459746418,0.0160281291,0.0190511308,0.0278107827,0.0224509205,0.0366915033,0.0460453781,0.0413770722,0.0370210934,0.0289382175,"0.0459746418_0.0160281291_0.0190511308_0.0278107827_0.0224509205_0.0366915033_0.0460453781_0.0413770722_0.0370210934_0.0289382175", 1.7266330,-1.38979288
"23","Dornburg","2021","wheat", 7.0, 6.7125000, 90.00000, 7.914577,53.73398,12.86173,15, 8,322,160,519,0.8492356,29.49883,120,73.89703,1.0686394,0.077735330,"Oct","Jul","C3",2.7080502,1.945910,"7",1.06589917,"winter", 100, 200, 300, 400, 500, 600, 700, 800, 900,1000,0.0459746418,0.0160281291,0.0190511308,0.0278107827,0.0224509205,0.0366915033,0.0460453781,0.0413770722,0.0370210934,0.0289382175,"0.0459746418_0.0160281291_0.0190511308_0.0278107827_0.0224509205_0.0366915033_0.0460453781_0.0413770722_0.0370210934_0.0289382175", 1.7266330,-1.38979288
"24","Dornburg","2021","wheat",18.0, 7.2000000, 90.00000, 7.914577,53.73398,12.86173,15, 8,322,160,519,0.8492356,29.49883,120,73.89703,1.0686394,0.077735330,"Oct","Jul","C3",2.7080502,2.890372,"18",1.14331084,"winter", 100, 200, 300, 400, 500, 600, 700, 800, 900,1000,0.0459746418,0.0160281291,0.0190511308,0.0278107827,0.0224509205,0.0366915033,0.0460453781,0.0413770722,0.0370210934,0.0289382175,"0.0459746418_0.0160281291_0.0190511308_0.0278107827_0.0224509205_0.0366915033_0.0460453781_0.0413770722_0.0370210934_0.0289382175", 1.7266330,-1.38979288
"25","Dornburg","2021","wheat",24.0, 7.0650000, 90.00000, 7.914577,53.73398,12.86173,15, 8,322,160,519,0.8492356,29.49883,120,73.89703,1.0686394,0.077735330,"Oct","Jul","C3",2.7080502,3.178054,"24",1.12187376,"winter", 100, 200, 300, 400, 500, 600, 700, 800, 900,1000,0.0459746418,0.0160281291,0.0190511308,0.0278107827,0.0224509205,0.0366915033,0.0460453781,0.0413770722,0.0370210934,0.0289382175,"0.0459746418_0.0160281291_0.0190511308_0.0278107827_0.0224509205_0.0366915033_0.0460453781_0.0413770722_0.0370210934_0.0289382175", 1.7266330,-1.38979288
"26","Dornburg","2022","barley", 1.0, 4.3215375,114.00000, 9.416519,41.04902,15.71841,16, 9,322,160,519,0.8429964,31.22555,132,73.95876,1.0686394,0.077735330,"Sep","Jul","C3",2.7725887,0.000000,"1",0.66232921,"winter", 100, 200, 300, 400, 500, 600, 700, 800, 900,1000,0.0459746418,0.0160281291,0.0190511308,0.0278107827,0.0224509205,0.0366915033,0.0460453781,0.0413770722,0.0370210934,0.0289382175,"0.0459746418_0.0160281291_0.0190511308_0.0278107827_0.0224509205_0.0366915033_0.0460453781_0.0413770722_0.0370210934_0.0289382175", 1.7266330,-0.17198920
"27","Dornburg","2022","barley", 4.0, 6.6171875,114.00000, 9.416519,41.04902,15.71841,16, 9,322,160,519,0.8429964,31.22555,132,73.95876,1.0686394,0.077735330,"Sep","Jul","C3",2.7725887,1.386294,"4",1.01416604,"winter", 100, 200, 300, 400, 500, 600, 700, 800, 900,1000,0.0459746418,0.0160281291,0.0190511308,0.0278107827,0.0224509205,0.0366915033,0.0460453781,0.0413770722,0.0370210934,0.0289382175,"0.0459746418_0.0160281291_0.0190511308_0.0278107827_0.0224509205_0.0366915033_0.0460453781_0.0413770722_0.0370210934_0.0289382175", 1.7266330,-0.17198920
"28","Dornburg","2022","barley", 7.0, 6.9329125,114.00000, 9.416519,41.04902,15.71841,16, 9,322,160,519,0.8429964,31.22555,132,73.95876,1.0686394,0.077735330,"Sep","Jul","C3",2.7725887,1.945910,"7",1.06255482,"winter", 100, 200, 300, 400, 500, 600, 700, 800, 900,1000,0.0459746418,0.0160281291,0.0190511308,0.0278107827,0.0224509205,0.0366915033,0.0460453781,0.0413770722,0.0370210934,0.0289382175,"0.0459746418_0.0160281291_0.0190511308_0.0278107827_0.0224509205_0.0366915033_0.0460453781_0.0413770722_0.0370210934_0.0289382175", 1.7266330,-0.17198920
"29","Dornburg","2022","barley",18.0, 7.4433000,114.00000, 9.416519,41.04902,15.71841,16, 9,322,160,519,0.8429964,31.22555,132,73.95876,1.0686394,0.077735330,"Sep","Jul","C3",2.7725887,2.890372,"18",1.14077803,"winter", 100, 200, 300, 400, 500, 600, 700, 800, 900,1000,0.0459746418,0.0160281291,0.0190511308,0.0278107827,0.0224509205,0.0366915033,0.0460453781,0.0413770722,0.0370210934,0.0289382175,"0.0459746418_0.0160281291_0.0190511308_0.0278107827_0.0224509205_0.0366915033_0.0460453781_0.0413770722_0.0370210934_0.0289382175", 1.7266330,-0.17198920
"30","Dornburg","2022","barley",24.0, 7.3088500,114.00000, 9.416519,41.04902,15.71841,16, 9,322,160,519,0.8429964,31.22555,132,73.95876,1.0686394,0.077735330,"Sep","Jul","C3",2.7725887,3.178054,"24",1.12017190,"winter", 100, 200, 300, 400, 500, 600, 700, 800, 900,1000,0.0459746418,0.0160281291,0.0190511308,0.0278107827,0.0224509205,0.0366915033,0.0460453781,0.0413770722,0.0370210934,0.0289382175,"0.0459746418_0.0160281291_0.0190511308_0.0278107827_0.0224509205_0.0366915033_0.0460453781_0.0413770722_0.0370210934_0.0289382175", 1.7266330,-0.17198920
"31","Dornburg","2023","rapeseed", 1.0, 1.6962500,106.00000, 9.357093,53.58714,14.37193,17,10,322,160,519,0.8535958,31.88453,150,73.60277,1.0686394,0.077735330,"Sep","Jul","C3",2.8332133,0.000000,"1",0.46786650,"winter", 100, 200, 300, 400, 500, 600, 700, 800, 900,1000,0.0459746418,0.0160281291,0.0190511308,0.0278107827,0.0224509205,0.0366915033,0.0460453781,0.0413770722,0.0370210934,0.0289382175,"0.0459746418_0.0160281291_0.0190511308_0.0278107827_0.0224509205_0.0366915033_0.0460453781_0.0413770722_0.0370210934_0.0289382175", 1.7266330,-0.81590016
"32","Dornburg","2023","rapeseed", 4.0, 3.7250000,106.00000, 9.357093,53.58714,14.37193,17,10,322,160,519,0.8535958,31.88453,150,73.60277,1.0686394,0.077735330,"Sep","Jul","C3",2.8332133,1.386294,"4",1.02744449,"winter", 100, 200, 300, 400, 500, 600, 700, 800, 900,1000,0.0459746418,0.0160281291,0.0190511308,0.0278107827,0.0224509205,0.0366915033,0.0460453781,0.0413770722,0.0370210934,0.0289382175,"0.0459746418_0.0160281291_0.0190511308_0.0278107827_0.0224509205_0.0366915033_0.0460453781_0.0413770722_0.0370210934_0.0289382175", 1.7266330,-0.81590016
"33","Dornburg","2023","rapeseed", 7.0, 4.3050000,106.00000, 9.357093,53.58714,14.37193,17,10,322,160,519,0.8535958,31.88453,150,73.60277,1.0686394,0.077735330,"Sep","Jul","C3",2.8332133,1.945910,"7",1.18742242,"winter", 100, 200, 300, 400, 500, 600, 700, 800, 900,1000,0.0459746418,0.0160281291,0.0190511308,0.0278107827,0.0224509205,0.0366915033,0.0460453781,0.0413770722,0.0370210934,0.0289382175,"0.0459746418_0.0160281291_0.0190511308_0.0278107827_0.0224509205_0.0366915033_0.0460453781_0.0413770722_0.0370210934_0.0289382175", 1.7266330,-0.81590016
"34","Dornburg","2023","rapeseed",18.0, 4.1862500,106.00000, 9.357093,53.58714,14.37193,17,10,322,160,519,0.8535958,31.88453,150,73.60277,1.0686394,0.077735330,"Sep","Jul","C3",2.8332133,2.890372,"18",1.15466832,"winter", 100, 200, 300, 400, 500, 600, 700, 800, 900,1000,0.0459746418,0.0160281291,0.0190511308,0.0278107827,0.0224509205,0.0366915033,0.0460453781,0.0413770722,0.0370210934,0.0289382175,"0.0459746418_0.0160281291_0.0190511308_0.0278107827_0.0224509205_0.0366915033_0.0460453781_0.0413770722_0.0370210934_0.0289382175", 1.7266330,-0.81590016
"35","Dornburg","2023","rapeseed",24.0, 4.2150000,106.00000, 9.357093,53.58714,14.37193,17,10,322,160,519,0.8535958,31.88453,150,73.60277,1.0686394,0.077735330,"Sep","Jul","C3",2.8332133,3.178054,"24",1.16259826,"winter", 100, 200, 300, 400, 500, 600, 700, 800, 900,1000,0.0459746418,0.0160281291,0.0190511308,0.0278107827,0.0224509205,0.0366915033,0.0460453781,0.0413770722,0.0370210934,0.0289382175,"0.0459746418_0.0160281291_0.0190511308_0.0278107827_0.0224509205_0.0366915033_0.0460453781_0.0413770722_0.0370210934_0.0289382175", 1.7266330,-0.81590016
"36","Forst","2016","wheat", 1.0, 3.2350500,122.00000, 9.286957,51.97152,13.23000, 7, 3,118,663,219,0.9040015,35.11523,197,71.97045,0.2703563,0.011926664,"Oct","Jul","C3",1.9459101,0.000000,"1",0.56433678,"winter", 100, 200, 300, 400, 500, 600, 700, 800, 900,1000,0.0206482396,0.0355954993,0.0309259144,0.0787144596,0.0619111709,0.0499591614,0.0485610762,0.0632190542,0.0425326417,0.0263245807,"0.0206482396_0.0355954993_0.0309259144_0.0787144596_0.0619111709_0.0499591614_0.0485610762_0.0632190542_0.0425326417_0.0263245807",-2.3563869,-0.96163774
"37","Forst","2016","wheat", 4.0, 6.3110500,122.00000, 9.286957,51.97152,13.23000, 7, 3,118,663,219,0.9040015,35.11523,197,71.97045,0.2703563,0.011926664,"Oct","Jul","C3",1.9459101,1.386294,"4",1.10092815,"winter", 100, 200, 300, 400, 500, 600, 700, 800, 900,1000,0.0206482396,0.0355954993,0.0309259144,0.0787144596,0.0619111709,0.0499591614,0.0485610762,0.0632190542,0.0425326417,0.0263245807,"0.0206482396_0.0355954993_0.0309259144_0.0787144596_0.0619111709_0.0499591614_0.0485610762_0.0632190542_0.0425326417_0.0263245807",-2.3563869,-0.96163774
"38","Forst","2016","wheat", 7.0, 6.1141750,122.00000, 9.286957,51.97152,13.23000, 7, 3,118,663,219,0.9040015,35.11523,197,71.97045,0.2703563,0.011926664,"Oct","Jul","C3",1.9459101,1.945910,"7",1.06658439,"winter", 100, 200, 300, 400, 500, 600, 700, 800, 900,1000,0.0206482396,0.0355954993,0.0309259144,0.0787144596,0.0619111709,0.0499591614,0.0485610762,0.0632190542,0.0425326417,0.0263245807,"0.0206482396_0.0355954993_0.0309259144_0.0787144596_0.0619111709_0.0499591614_0.0485610762_0.0632190542_0.0425326417_0.0263245807",-2.3563869,-0.96163774
"39","Forst","2016","wheat",24.0, 7.2696500,122.00000, 9.286957,51.97152,13.23000, 7, 3,118,663,219,0.9040015,35.11523,197,71.97045,0.2703563,0.011926664,"Oct","Jul","C3",1.9459101,3.178054,"24",1.26815068,"winter", 100, 200, 300, 400, 500, 600, 700, 800, 900,1000,0.0206482396,0.0355954993,0.0309259144,0.0787144596,0.0619111709,0.0499591614,0.0485610762,0.0632190542,0.0425326417,0.0263245807,"0.0206482396_0.0355954993_0.0309259144_0.0787144596_0.0619111709_0.0499591614_0.0485610762_0.0632190542_0.0425326417_0.0263245807",-2.3563869,-0.96163774
"40","Forst","2017","barley", 1.0, 3.0181250,105.00000, 9.088143,55.17152,13.51818, 8, 4,118,663,219,0.9040015,35.11523,197,71.97045,0.2703563,0.005662401,"Sep","Jul","C3",2.0794415,0.000000,"1",0.67030064,"winter", 100, 200, 300, 400, 500, 600, 700, 800, 900,1000,0.0209047958,0.0291462327,0.0190476190,0.0310475279,0.0400564950,0.0396343641,0.0379323899,0.0501907126,0.0333492810,0.0294875164,"0.0209047958_0.0291462327_0.019047619_0.0310475279_0.040056495_0.0396343641_0.0379323899_0.0501907126_0.033349281_0.0294875164",-2.3563869,-1.06617744
"41","Forst","2017","barley", 4.0, 4.1609250,105.00000, 9.088143,55.17152,13.51818, 8, 4,118,663,219,0.9040015,35.11523,197,71.97045,0.2703563,0.005662401,"Sep","Jul","C3",2.0794415,1.386294,"4",0.92410709,"winter", 100, 200, 300, 400, 500, 600, 700, 800, 900,1000,0.0209047958,0.0291462327,0.0190476190,0.0310475279,0.0400564950,0.0396343641,0.0379323899,0.0501907126,0.0333492810,0.0294875164,"0.0209047958_0.0291462327_0.019047619_0.0310475279_0.040056495_0.0396343641_0.0379323899_0.0501907126_0.033349281_0.0294875164",-2.3563869,-1.06617744
"42","Forst","2017","barley", 7.0, 4.6355000,105.00000, 9.088143,55.17152,13.51818, 8, 4,118,663,219,0.9040015,35.11523,197,71.97045,0.2703563,0.005662401,"Sep","Jul","C3",2.0794415,1.945910,"7",1.02950628,"winter", 100, 200, 300, 400, 500, 600, 700, 800, 900,1000,0.0209047958,0.0291462327,0.0190476190,0.0310475279,0.0400564950,0.0396343641,0.0379323899,0.0501907126,0.0333492810,0.0294875164,"0.0209047958_0.0291462327_0.019047619_0.0310475279_0.040056495_0.0396343641_0.0379323899_0.0501907126_0.033349281_0.0294875164",-2.3563869,-1.06617744
"43","Forst","2017","barley",24.0, 6.1960250,105.00000, 9.088143,55.17152,13.51818, 8, 4,118,663,219,0.9040015,35.11523,197,71.97045,0.2703563,0.005662401,"Sep","Jul","C3",2.0794415,3.178054,"24",1.37608599,"winter", 100, 200, 300, 400, 500, 600, 700, 800, 900,1000,0.0209047958,0.0291462327,0.0190476190,0.0310475279,0.0400564950,0.0396343641,0.0379323899,0.0501907126,0.0333492810,0.0294875164,"0.0209047958_0.0291462327_0.019047619_0.0310475279_0.040056495_0.0396343641_0.0379323899_0.0501907126_0.033349281_0.0294875164",-2.3563869,-1.06617744
"44","Forst","2019","barley", 1.0, 3.3995304, 42.00000,14.540000,19.24506,22.98000,10, 6,118,663,219,0.8225149,28.34943,130,71.89607,0.2703563,0.005662401,"Mar","Jul","C3",2.3025851,0.000000,"1",0.90646007,"summer", 100, 200, 300, 400, 500, 600, 700, 800, 900,1000,0.0209047958,0.0291462327,0.0190476190,0.0310475279,0.0400564950,0.0396343641,0.0379323899,0.0501907126,0.0333492810,0.0294875164,"0.0209047958_0.0291462327_0.019047619_0.0310475279_0.040056495_0.0396343641_0.0379323899_0.0501907126_0.033349281_0.0294875164",-2.3563869, 2.87424736
"45","Forst","2019","barley", 4.0, 3.8893832, 42.00000,14.540000,19.24506,22.98000,10, 6,118,663,219,0.8225149,28.34943,130,71.89607,0.2703563,0.005662401,"Mar","Jul","C3",2.3025851,1.386294,"4",1.03707574,"summer", 100, 200, 300, 400, 500, 600, 700, 800, 900,1000,0.0209047958,0.0291462327,0.0190476190,0.0310475279,0.0400564950,0.0396343641,0.0379323899,0.0501907126,0.0333492810,0.0294875164,"0.0209047958_0.0291462327_0.019047619_0.0310475279_0.040056495_0.0396343641_0.0379323899_0.0501907126_0.033349281_0.0294875164",-2.3563869, 2.87424736
"46","Forst","2019","barley", 7.0, 4.1766449, 42.00000,14.540000,19.24506,22.98000,10, 6,118,663,219,0.8225149,28.34943,130,71.89607,0.2703563,0.005662401,"Mar","Jul","C3",2.3025851,1.945910,"7",1.11367200,"summer", 100, 200, 300, 400, 500, 600, 700, 800, 900,1000,0.0209047958,0.0291462327,0.0190476190,0.0310475279,0.0400564950,0.0396343641,0.0379323899,0.0501907126,0.0333492810,0.0294875164,"0.0209047958_0.0291462327_0.019047619_0.0310475279_0.040056495_0.0396343641_0.0379323899_0.0501907126_0.033349281_0.0294875164",-2.3563869, 2.87424736
"47","Forst","2019","barley",24.0, 3.5357881, 42.00000,14.540000,19.24506,22.98000,10, 6,118,663,219,0.8225149,28.34943,130,71.89607,0.2703563,0.005662401,"Mar","Jul","C3",2.3025851,3.178054,"24",0.94279219,"summer", 100, 200, 300, 400, 500, 600, 700, 800, 900,1000,0.0209047958,0.0291462327,0.0190476190,0.0310475279,0.0400564950,0.0396343641,0.0379323899,0.0501907126,0.0333492810,0.0294875164,"0.0209047958_0.0291462327_0.019047619_0.0310475279_0.040056495_0.0396343641_0.0379323899_0.0501907126_0.033349281_0.0294875164",-2.3563869, 2.87424736
"48","Forst","2020","oat", 1.0, 0.8055631,NA,13.100000,17.65246,23.02000,11, 7,118,663,219,0.8222335,27.96180,122,71.93497,0.2703563,0.019631320,"Mar","Jul","C3",2.3978953,0.000000,"1",0.54051654,"summer", 100, 200, 300, 400, 500, 600, 700, 800, 900,1000,0.0057601450,0.0213999108,0.0487912088,0.0513110406,0.0689709286,0.0723059344,0.0588312369,0.0633286917,0.0568204205,0.0569776610,"0.005760145_0.0213999108_0.0487912088_0.0513110406_0.0689709286_0.0723059344_0.0588312369_0.0633286917_0.0568204205_0.056977661",-2.3563869, 2.60717713
"49","Forst","2020","oat", 4.0, 1.5052895,NA,13.100000,17.65246,23.02000,11, 7,118,663,219,0.8222335,27.96180,122,71.93497,0.2703563,0.019631320,"Mar","Jul","C3",2.3978953,1.386294,"4",1.01001876,"summer", 100, 200, 300, 400, 500, 600, 700, 800, 900,1000,0.0057601450,0.0213999108,0.0487912088,0.0513110406,0.0689709286,0.0723059344,0.0588312369,0.0633286917,0.0568204205,0.0569776610,"0.005760145_0.0213999108_0.0487912088_0.0513110406_0.0689709286_0.0723059344_0.0588312369_0.0633286917_0.0568204205_0.056977661",-2.3563869, 2.60717713
"50","Forst","2020","oat", 7.0, 1.6360764,NA,13.100000,17.65246,23.02000,11, 7,118,663,219,0.8222335,27.96180,122,71.93497,0.2703563,0.019631320,"Mar","Jul","C3",2.3978953,1.945910,"7",1.09777410,"summer", 100, 200, 300, 400, 500, 600, 700, 800, 900,1000,0.0057601450,0.0213999108,0.0487912088,0.0513110406,0.0689709286,0.0723059344,0.0588312369,0.0633286917,0.0568204205,0.0569776610,"0.005760145_0.0213999108_0.0487912088_0.0513110406_0.0689709286_0.0723059344_0.0588312369_0.0633286917_0.0568204205_0.056977661",-2.3563869, 2.60717713
"51","Forst","2020","oat",24.0, 2.0145028,NA,13.100000,17.65246,23.02000,11, 7,118,663,219,0.8222335,27.96180,122,71.93497,0.2703563,0.019631320,"Mar","Jul","C3",2.3978953,3.178054,"24",1.35169060,"summer", 100, 200, 300, 400, 500, 600, 700, 800, 900,1000,0.0057601450,0.0213999108,0.0487912088,0.0513110406,0.0689709286,0.0723059344,0.0588312369,0.0633286917,0.0568204205,0.0569776610,"0.005760145_0.0213999108_0.0487912088_0.0513110406_0.0689709286_0.0723059344_0.0588312369_0.0633286917_0.0568204205_0.056977661",-2.3563869, 2.60717713
"52","Gladbacherhof","2021","wheat", 1.0, 3.3264583,  0.00000, 8.707721,54.20244,12.27540, 2, 3,252,180,567,0.9590928,38.75917,158,66.81636,2.0194024,0.114395887,"Oct","Jul","C3",0.6931472,0.000000,"1",0.94108055,"winter", 100, 200, 300, 400, 500, 600, 700, 800, 900,1000,0.0594128287,0.0974427717,0.1406237210,0.0919220056,0.0575372658,0.0739634486,0.1020032339,0.0783981268,0.0537311245,0.0293031686,"0.0594128287_0.0974427717_0.140623721_0.0919220056_0.0575372658_0.0739634486_0.1020032339_0.0783981268_0.0537311245_0.0293031686", 1.4951053,-1.31973803
"53","Gladbacherhof","2021","wheat", 4.5, 3.9614583,  0.00000, 8.707721,54.20244,12.27540, 2, 3,252,180,567,0.9590928,38.75917,158,66.81636,2.0194024,0.114395887,"Oct","Jul","C3",0.6931472,1.504077,"4.5",1.12072692,"winter", 100, 200, 300, 400, 500, 600, 700, 800, 900,1000,0.0594128287,0.0974427717,0.1406237210,0.0919220056,0.0575372658,0.0739634486,0.1020032339,0.0783981268,0.0537311245,0.0293031686,"0.0594128287_0.0974427717_0.140623721_0.0919220056_0.0575372658_0.0739634486_0.1020032339_0.0783981268_0.0537311245_0.0293031686", 1.4951053,-1.31973803
"54","Gladbacherhof","2021","wheat", 9.0, 3.3162500,  0.00000, 8.707721,54.20244,12.27540, 2, 3,252,180,567,0.9590928,38.75917,158,66.81636,2.0194024,0.114395887,"Oct","Jul","C3",0.6931472,2.197225,"9",0.93819253,"winter", 100, 200, 300, 400, 500, 600, 700, 800, 900,1000,0.0594128287,0.0974427717,0.1406237210,0.0919220056,0.0575372658,0.0739634486,0.1020032339,0.0783981268,0.0537311245,0.0293031686,"0.0594128287_0.0974427717_0.140623721_0.0919220056_0.0575372658_0.0739634486_0.1020032339_0.0783981268_0.0537311245_0.0293031686", 1.4951053,-1.31973803
"55","IhingerHof","2016","pea", 4.0, 1.9457197,NA, 8.317417,70.66987,12.90464, 9, 1,345,177,478,0.9909433,42.14855,183,69.07790,1.7741133,0.000000000,"Oct","Jul","C3",2.1972246,1.386294,"4",0.95050259,"winter", 100, 200, 300, 400, 500, 600, 700, 800, 900,1000,0.0000000000,0.0221614621,0.0087336245,0.0043992301,0.0162116041,0.0414675194,0.0334621100,0.0311703483,0.0160096154,0.0264452645,"0_0.0221614621_0.0087336245_0.0043992301_0.0162116041_0.0414675194_0.03346211_0.0311703483_0.0160096154_0.0264452645", 1.6130647,-1.85139820
"56","IhingerHof","2016","pea", 7.0, 1.7715312,NA, 8.317417,70.66987,12.90464, 9, 1,345,177,478,0.9909433,42.14855,183,69.07790,1.7741133,0.000000000,"Oct","Jul","C3",2.1972246,1.945910,"7",0.86540981,"winter", 100, 200, 300, 400, 500, 600, 700, 800, 900,1000,0.0000000000,0.0221614621,0.0087336245,0.0043992301,0.0162116041,0.0414675194,0.0334621100,0.0311703483,0.0160096154,0.0264452645,"0_0.0221614621_0.0087336245_0.0043992301_0.0162116041_0.0414675194_0.03346211_0.0311703483_0.0160096154_0.0264452645", 1.6130647,-1.85139820
"57","IhingerHof","2016","pea",12.0, 2.0032691,NA, 8.317417,70.66987,12.90464, 9, 1,345,177,478,0.9909433,42.14855,183,69.07790,1.7741133,0.000000000,"Oct","Jul","C3",2.1972246,2.484907,"12",0.97861600,"winter", 100, 200, 300, 400, 500, 600, 700, 800, 900,1000,0.0000000000,0.0221614621,0.0087336245,0.0043992301,0.0162116041,0.0414675194,0.0334621100,0.0311703483,0.0160096154,0.0264452645,"0_0.0221614621_0.0087336245_0.0043992301_0.0162116041_0.0414675194_0.03346211_0.0311703483_0.0160096154_0.0264452645", 1.6130647,-1.85139820
"58","IhingerHof","2016","pea",18.0, 2.3136108,NA, 8.317417,70.66987,12.90464, 9, 1,345,177,478,0.9909433,42.14855,183,69.07790,1.7741133,0.000000000,"Oct","Jul","C3",2.1972246,2.890372,"18",1.13022088,"winter", 100, 200, 300, 400, 500, 600, 700, 800, 900,1000,0.0000000000,0.0221614621,0.0087336245,0.0043992301,0.0162116041,0.0414675194,0.0334621100,0.0311703483,0.0160096154,0.0264452645,"0_0.0221614621_0.0087336245_0.0043992301_0.0162116041_0.0414675194_0.03346211_0.0311703483_0.0160096154_0.0264452645", 1.6130647,-1.85139820
"59","IhingerHof","2016","pea",24.0, 2.2010845,NA, 8.317417,70.66987,12.90464, 9, 1,345,177,478,0.9909433,42.14855,183,69.07790,1.7741133,0.000000000,"Oct","Jul","C3",2.1972246,3.178054,"24",1.07525071,"winter", 100, 200, 300, 400, 500, 600, 700, 800, 900,1000,0.0000000000,0.0221614621,0.0087336245,0.0043992301,0.0162116041,0.0414675194,0.0334621100,0.0311703483,0.0160096154,0.0264452645,"0_0.0221614621_0.0087336245_0.0043992301_0.0162116041_0.0414675194_0.03346211_0.0311703483_0.0160096154_0.0264452645", 1.6130647,-1.85139820
"60","IhingerHof","2018","rapeseed", 4.0, 2.7720712,NA, 8.908107,59.03723,15.46796,11, 3,345,177,478,0.9556859,39.84749,154,70.24580,1.7741133,0.000000000,"Sep","Jul","C3",2.3978953,1.386294,"4",0.95334987,"winter", 100, 200, 300, 400, 500, 600, 700, 800, 900,1000,0.0000000000,0.0129943503,0.0099577018,0.0714646283,0.0256332011,0.0218151011,0.0277012192,0.0210284281,0.0100669871,0.0155137862,"0_0.0129943503_0.0099577018_0.0714646283_0.0256332011_0.0218151011_0.0277012192_0.0210284281_0.0100669871_0.0155137862", 1.6130647,-0.92182505
"61","IhingerHof","2018","rapeseed", 7.0, 2.5397931,NA, 8.908107,59.03723,15.46796,11, 3,345,177,478,0.9556859,39.84749,154,70.24580,1.7741133,0.000000000,"Sep","Jul","C3",2.3978953,1.945910,"7",0.87346653,"winter", 100, 200, 300, 400, 500, 600, 700, 800, 900,1000,0.0000000000,0.0129943503,0.0099577018,0.0714646283,0.0256332011,0.0218151011,0.0277012192,0.0210284281,0.0100669871,0.0155137862,"0_0.0129943503_0.0099577018_0.0714646283_0.0256332011_0.0218151011_0.0277012192_0.0210284281_0.0100669871_0.0155137862", 1.6130647,-0.92182505
"62","IhingerHof","2018","rapeseed",12.0, 2.9899169,NA, 8.908107,59.03723,15.46796,11, 3,345,177,478,0.9556859,39.84749,154,70.24580,1.7741133,0.000000000,"Sep","Jul","C3",2.3978953,2.484907,"12",1.02826973,"winter", 100, 200, 300, 400, 500, 600, 700, 800, 900,1000,0.0000000000,0.0129943503,0.0099577018,0.0714646283,0.0256332011,0.0218151011,0.0277012192,0.0210284281,0.0100669871,0.0155137862,"0_0.0129943503_0.0099577018_0.0714646283_0.0256332011_0.0218151011_0.0277012192_0.0210284281_0.0100669871_0.0155137862", 1.6130647,-0.92182505
"63","IhingerHof","2018","rapeseed",18.0, 3.2615957,NA, 8.908107,59.03723,15.46796,11, 3,345,177,478,0.9556859,39.84749,154,70.24580,1.7741133,0.000000000,"Sep","Jul","C3",2.3978953,2.890372,"18",1.12170344,"winter", 100, 200, 300, 400, 500, 600, 700, 800, 900,1000,0.0000000000,0.0129943503,0.0099577018,0.0714646283,0.0256332011,0.0218151011,0.0277012192,0.0210284281,0.0100669871,0.0155137862,"0_0.0129943503_0.0099577018_0.0714646283_0.0256332011_0.0218151011_0.0277012192_0.0210284281_0.0100669871_0.0155137862", 1.6130647,-0.92182505
"64","IhingerHof","2018","rapeseed",24.0, 2.9752059,NA, 8.908107,59.03723,15.46796,11, 3,345,177,478,0.9556859,39.84749,154,70.24580,1.7741133,0.000000000,"Sep","Jul","C3",2.3978953,3.178054,"24",1.02321043,"winter", 100, 200, 300, 400, 500, 600, 700, 800, 900,1000,0.0000000000,0.0129943503,0.0099577018,0.0714646283,0.0256332011,0.0218151011,0.0277012192,0.0210284281,0.0100669871,0.0155137862,"0_0.0129943503_0.0099577018_0.0714646283_0.0256332011_0.0218151011_0.0277012192_0.0210284281_0.0100669871_0.0155137862", 1.6130647,-0.92182505
"65","IhingerHof","2021","barley", 4.0, 6.0218155,NA, 8.335380,68.07614,15.22736,14, 3,345,177,478,0.9418631,39.66425,200,70.63987,1.7741133,0.014637002,"Sep","Jul","C3",2.6390573,1.386294,"4",1.04086193,"winter", 100, 200, 300, 400, 500, 600, 700, 800, 900,1000,0.0023670507,0.0421468927,0.0347197744,0.0306483017,0.0660970400,0.0844540930,0.0760966039,0.0826505017,0.0636566628,0.0529680050,"0.0023670507_0.0421468927_0.0347197744_0.0306483017_0.06609704_0.084454093_0.0760966039_0.0826505017_0.0636566628_0.052968005", 1.6130647,-1.38887512
"66","IhingerHof","2021","barley", 7.0, 5.0752939,NA, 8.335380,68.07614,15.22736,14, 3,345,177,478,0.9418631,39.66425,200,70.63987,1.7741133,0.014637002,"Sep","Jul","C3",2.6390573,1.945910,"7",0.87725705,"winter", 100, 200, 300, 400, 500, 600, 700, 800, 900,1000,0.0023670507,0.0421468927,0.0347197744,0.0306483017,0.0660970400,0.0844540930,0.0760966039,0.0826505017,0.0636566628,0.0529680050,"0.0023670507_0.0421468927_0.0347197744_0.0306483017_0.06609704_0.084454093_0.0760966039_0.0826505017_0.0636566628_0.052968005", 1.6130647,-1.38887512
"67","IhingerHof","2021","barley",12.0, 5.9480086,NA, 8.335380,68.07614,15.22736,14, 3,345,177,478,0.9418631,39.66425,200,70.63987,1.7741133,0.014637002,"Sep","Jul","C3",2.6390573,2.484907,"12",1.02810450,"winter", 100, 200, 300, 400, 500, 600, 700, 800, 900,1000,0.0023670507,0.0421468927,0.0347197744,0.0306483017,0.0660970400,0.0844540930,0.0760966039,0.0826505017,0.0636566628,0.0529680050,"0.0023670507_0.0421468927_0.0347197744_0.0306483017_0.06609704_0.084454093_0.0760966039_0.0826505017_0.0636566628_0.052968005", 1.6130647,-1.38887512
"68","IhingerHof","2021","barley",18.0, 5.8770876,NA, 8.335380,68.07614,15.22736,14, 3,345,177,478,0.9418631,39.66425,200,70.63987,1.7741133,0.014637002,"Sep","Jul","C3",2.6390573,2.890372,"18",1.01584591,"winter", 100, 200, 300, 400, 500, 600, 700, 800, 900,1000,0.0023670507,0.0421468927,0.0347197744,0.0306483017,0.0660970400,0.0844540930,0.0760966039,0.0826505017,0.0636566628,0.0529680050,"0.0023670507_0.0421468927_0.0347197744_0.0306483017_0.06609704_0.084454093_0.0760966039_0.0826505017_0.0636566628_0.052968005", 1.6130647,-1.38887512
"69","IhingerHof","2021","barley",24.0, 6.0048567,NA, 8.335380,68.07614,15.22736,14, 3,345,177,478,0.9418631,39.66425,200,70.63987,1.7741133,0.014637002,"Sep","Jul","C3",2.6390573,3.178054,"24",1.03793062,"winter", 100, 200, 300, 400, 500, 600, 700, 800, 900,1000,0.0023670507,0.0421468927,0.0347197744,0.0306483017,0.0660970400,0.0844540930,0.0760966039,0.0826505017,0.0636566628,0.0529680050,"0.0023670507_0.0421468927_0.0347197744_0.0306483017_0.06609704_0.084454093_0.0760966039_0.0826505017_0.0636566628_0.052968005", 1.6130647,-1.38887512
"70","IhingerHof","2022","rapeseed", 4.0, 2.5114944,NA, 9.064261,50.26566,18.79871,15, 1,345,177,478,0.9437688,37.72614,134,70.71131,1.7741133,0.014637002,"Sep","Jul","C3",2.7080502,1.386294,"4",0.94705885,"winter", 100, 200, 300, 400, 500, 600, 700, 800, 900,1000,0.0023670507,0.0421468927,0.0347197744,0.0306483017,0.0660970400,0.0844540930,0.0760966039,0.0826505017,0.0636566628,0.0529680050,"0.0023670507_0.0421468927_0.0347197744_0.0306483017_0.06609704_0.084454093_0.0760966039_0.0826505017_0.0636566628_0.052968005", 1.6130647,-0.06207076
"71","IhingerHof","2022","rapeseed", 7.0, 2.2715576,NA, 9.064261,50.26566,18.79871,15, 1,345,177,478,0.9437688,37.72614,134,70.71131,1.7741133,0.014637002,"Sep","Jul","C3",2.7080502,1.945910,"7",0.85658113,"winter", 100, 200, 300, 400, 500, 600, 700, 800, 900,1000,0.0023670507,0.0421468927,0.0347197744,0.0306483017,0.0660970400,0.0844540930,0.0760966039,0.0826505017,0.0636566628,0.0529680050,"0.0023670507_0.0421468927_0.0347197744_0.0306483017_0.06609704_0.084454093_0.0760966039_0.0826505017_0.0636566628_0.052968005", 1.6130647,-0.06207076
"72","IhingerHof","2022","rapeseed",12.0, 2.6823744,NA, 9.064261,50.26566,18.79871,15, 1,345,177,478,0.9437688,37.72614,134,70.71131,1.7741133,0.014637002,"Sep","Jul","C3",2.7080502,2.484907,"12",1.01149596,"winter", 100, 200, 300, 400, 500, 600, 700, 800, 900,1000,0.0023670507,0.0421468927,0.0347197744,0.0306483017,0.0660970400,0.0844540930,0.0760966039,0.0826505017,0.0636566628,0.0529680050,"0.0023670507_0.0421468927_0.0347197744_0.0306483017_0.06609704_0.084454093_0.0760966039_0.0826505017_0.0636566628_0.052968005", 1.6130647,-0.06207076
"73","IhingerHof","2022","rapeseed",18.0, 2.8576295,NA, 9.064261,50.26566,18.79871,15, 1,345,177,478,0.9437688,37.72614,134,70.71131,1.7741133,0.014637002,"Sep","Jul","C3",2.7080502,2.890372,"18",1.07758284,"winter", 100, 200, 300, 400, 500, 600, 700, 800, 900,1000,0.0023670507,0.0421468927,0.0347197744,0.0306483017,0.0660970400,0.0844540930,0.0760966039,0.0826505017,0.0636566628,0.0529680050,"0.0023670507_0.0421468927_0.0347197744_0.0306483017_0.06609704_0.084454093_0.0760966039_0.0826505017_0.0636566628_0.052968005", 1.6130647,-0.06207076
"74","IhingerHof","2022","rapeseed",24.0, 2.9363863,NA, 9.064261,50.26566,18.79871,15, 1,345,177,478,0.9437688,37.72614,134,70.71131,1.7741133,0.014637002,"Sep","Jul","C3",2.7080502,3.178054,"24",1.10728122,"winter", 100, 200, 300, 400, 500, 600, 700, 800, 900,1000,0.0023670507,0.0421468927,0.0347197744,0.0306483017,0.0660970400,0.0844540930,0.0760966039,0.0826505017,0.0636566628,0.0529680050,"0.0023670507_0.0421468927_0.0347197744_0.0306483017_0.06609704_0.084454093_0.0760966039_0.0826505017_0.0636566628_0.052968005", 1.6130647,-0.06207076
"75","IhingerHof","2023","wheat", 4.0, 6.0265617,NA, 9.045648,54.44374,15.27670,16, 2,345,177,478,0.9480265,38.64234,145,70.53697,1.7741133,0.014637002,"Oct","Jul","C3",2.7725887,1.386294,"4",0.95594300,"winter", 100, 200, 300, 400, 500, 600, 700, 800, 900,1000,0.0023670507,0.0421468927,0.0347197744,0.0306483017,0.0660970400,0.0844540930,0.0760966039,0.0826505017,0.0636566628,0.0529680050,"0.0023670507_0.0421468927_0.0347197744_0.0306483017_0.06609704_0.084454093_0.0760966039_0.0826505017_0.0636566628_0.052968005", 1.6130647,-0.76955508
"76","IhingerHof","2023","wheat", 7.0, 5.8337351,NA, 9.045648,54.44374,15.27670,16, 2,345,177,478,0.9480265,38.64234,145,70.53697,1.7741133,0.014637002,"Oct","Jul","C3",2.7725887,1.945910,"7",0.92535654,"winter", 100, 200, 300, 400, 500, 600, 700, 800, 900,1000,0.0023670507,0.0421468927,0.0347197744,0.0306483017,0.0660970400,0.0844540930,0.0760966039,0.0826505017,0.0636566628,0.0529680050,"0.0023670507_0.0421468927_0.0347197744_0.0306483017_0.06609704_0.084454093_0.0760966039_0.0826505017_0.0636566628_0.052968005", 1.6130647,-0.76955508
"77","IhingerHof","2023","wheat",12.0, 6.5839517,NA, 9.045648,54.44374,15.27670,16, 2,345,177,478,0.9480265,38.64234,145,70.53697,1.7741133,0.014637002,"Oct","Jul","C3",2.7725887,2.484907,"12",1.04435710,"winter", 100, 200, 300, 400, 500, 600, 700, 800, 900,1000,0.0023670507,0.0421468927,0.0347197744,0.0306483017,0.0660970400,0.0844540930,0.0760966039,0.0826505017,0.0636566628,0.0529680050,"0.0023670507_0.0421468927_0.0347197744_0.0306483017_0.06609704_0.084454093_0.0760966039_0.0826505017_0.0636566628_0.052968005", 1.6130647,-0.76955508
"78","IhingerHof","2023","wheat",18.0, 6.3695428,NA, 9.045648,54.44374,15.27670,16, 2,345,177,478,0.9480265,38.64234,145,70.53697,1.7741133,0.014637002,"Oct","Jul","C3",2.7725887,2.890372,"18",1.01034722,"winter", 100, 200, 300, 400, 500, 600, 700, 800, 900,1000,0.0023670507,0.0421468927,0.0347197744,0.0306483017,0.0660970400,0.0844540930,0.0760966039,0.0826505017,0.0636566628,0.0529680050,"0.0023670507_0.0421468927_0.0347197744_0.0306483017_0.06609704_0.084454093_0.0760966039_0.0826505017_0.0636566628_0.052968005", 1.6130647,-0.76955508
"79","IhingerHof","2023","wheat",24.0, 6.7077623,NA, 9.045648,54.44374,15.27670,16, 2,345,177,478,0.9480265,38.64234,145,70.53697,1.7741133,0.014637002,"Oct","Jul","C3",2.7725887,3.178054,"24",1.06399614,"winter", 100, 200, 300, 400, 500, 600, 700, 800, 900,1000,0.0023670507,0.0421468927,0.0347197744,0.0306483017,0.0660970400,0.0844540930,0.0760966039,0.0826505017,0.0636566628,0.0529680050,"0.0023670507_0.0421468927_0.0347197744_0.0306483017_0.06609704_0.084454093_0.0760966039_0.0826505017_0.0636566628_0.052968005", 1.6130647,-0.76955508
"80","Mariensee","2017","grass", 1.0, 2.8754676,  0.00000,10.398323,78.75049,11.64558,10, 3,204,592,203,0.8640937,32.36753,115,70.29581,0.5966133,0.047087477,"Jan","Dec","C3",2.3025851,0.000000,"1",0.86589854,"winter", 100, 200, 300, 400, 500, 600, 700, 800, 900,1000,0.0287300821,0.0026831976,0.0399369417,0.0636697016,0.0576053191,0.0572456814,0.0130086867,0.0344734300,0.0302581986,0.0585855316,"0.0287300821_0.0026831976_0.0399369417_0.0636697016_0.0576053191_0.0572456814_0.0130086867_0.03447343_0.0302581986_0.0585855316",-1.7299890,-1.84923021
"81","Mariensee","2017","grass", 4.0, 3.6928797,  0.00000,10.398323,78.75049,11.64558,10, 3,204,592,203,0.8640937,32.36753,115,70.29581,0.5966133,0.047087477,"Jan","Dec","C3",2.3025851,1.386294,"4",1.11204838,"winter", 100, 200, 300, 400, 500, 600, 700, 800, 900,1000,0.0287300821,0.0026831976,0.0399369417,0.0636697016,0.0576053191,0.0572456814,0.0130086867,0.0344734300,0.0302581986,0.0585855316,"0.0287300821_0.0026831976_0.0399369417_0.0636697016_0.0576053191_0.0572456814_0.0130086867_0.03447343_0.0302581986_0.0585855316",-1.7299890,-1.84923021
"82","Mariensee","2017","grass", 7.0, 3.7214395,  0.00000,10.398323,78.75049,11.64558,10, 3,204,592,203,0.8640937,32.36753,115,70.29581,0.5966133,0.047087477,"Jan","Dec","C3",2.3025851,1.945910,"7",1.12064869,"winter", 100, 200, 300, 400, 500, 600, 700, 800, 900,1000,0.0287300821,0.0026831976,0.0399369417,0.0636697016,0.0576053191,0.0572456814,0.0130086867,0.0344734300,0.0302581986,0.0585855316,"0.0287300821_0.0026831976_0.0399369417_0.0636697016_0.0576053191_0.0572456814_0.0130086867_0.03447343_0.0302581986_0.0585855316",-1.7299890,-1.84923021
"83","Mariensee","2017","grass",24.0, 2.9933752,  0.00000,10.398323,78.75049,11.64558,10, 3,204,592,203,0.8640937,32.36753,115,70.29581,0.5966133,0.047087477,"Jan","Dec","C3",2.3025851,3.178054,"24",0.90140440,"winter", 100, 200, 300, 400, 500, 600, 700, 800, 900,1000,0.0287300821,0.0026831976,0.0399369417,0.0636697016,0.0576053191,0.0572456814,0.0130086867,0.0344734300,0.0302581986,0.0585855316,"0.0287300821_0.0026831976_0.0399369417_0.0636697016_0.0576053191_0.0572456814_0.0130086867_0.03447343_0.0302581986_0.0585855316",-1.7299890,-1.84923021
"84","Mariensee","2018","grass", 1.0, 2.7132690,  0.00000,11.283583,43.12119,16.37043,11, 4,204,592,203,0.8451319,30.43993, 86,71.05110,0.5966133,0.047087477,"Jan","Dec","C3",2.3978953,0.000000,"1",0.89650267,"winter", 100, 200, 300, 400, 500, 600, 700, 800, 900,1000,0.0287300821,0.0026831976,0.0399369417,0.0636697016,0.0576053191,0.0572456814,0.0130086867,0.0344734300,0.0302581986,0.0585855316,"0.0287300821_0.0026831976_0.0399369417_0.0636697016_0.0576053191_0.0572456814_0.0130086867_0.03447343_0.0302581986_0.0585855316",-1.7299890, 0.28700023
"85","Mariensee","2018","grass", 4.0, 3.1642085,  0.00000,11.283583,43.12119,16.37043,11, 4,204,592,203,0.8451319,30.43993, 86,71.05110,0.5966133,0.047087477,"Jan","Dec","C3",2.3978953,1.386294,"4",1.04549949,"winter", 100, 200, 300, 400, 500, 600, 700, 800, 900,1000,0.0287300821,0.0026831976,0.0399369417,0.0636697016,0.0576053191,0.0572456814,0.0130086867,0.0344734300,0.0302581986,0.0585855316,"0.0287300821_0.0026831976_0.0399369417_0.0636697016_0.0576053191_0.0572456814_0.0130086867_0.03447343_0.0302581986_0.0585855316",-1.7299890, 0.28700023
"86","Mariensee","2018","grass", 7.0, 3.2734154,  0.00000,11.283583,43.12119,16.37043,11, 4,204,592,203,0.8451319,30.43993, 86,71.05110,0.5966133,0.047087477,"Jan","Dec","C3",2.3978953,1.945910,"7",1.08158301,"winter", 100, 200, 300, 400, 500, 600, 700, 800, 900,1000,0.0287300821,0.0026831976,0.0399369417,0.0636697016,0.0576053191,0.0572456814,0.0130086867,0.0344734300,0.0302581986,0.0585855316,"0.0287300821_0.0026831976_0.0399369417_0.0636697016_0.0576053191_0.0572456814_0.0130086867_0.03447343_0.0302581986_0.0585855316",-1.7299890, 0.28700023
"87","Mariensee","2018","grass",24.0, 2.9551235,  0.00000,11.283583,43.12119,16.37043,11, 4,204,592,203,0.8451319,30.43993, 86,71.05110,0.5966133,0.047087477,"Jan","Dec","C3",2.3978953,3.178054,"24",0.97641483,"winter", 100, 200, 300, 400, 500, 600, 700, 800, 900,1000,0.0287300821,0.0026831976,0.0399369417,0.0636697016,0.0576053191,0.0572456814,0.0130086867,0.0344734300,0.0302581986,0.0585855316,"0.0287300821_0.0026831976_0.0399369417_0.0636697016_0.0576053191_0.0572456814_0.0130086867_0.03447343_0.0302581986_0.0585855316",-1.7299890, 0.28700023
"88","Reiffenhausen","2016","barley", 1.0, 3.2214000,238.00000, 8.667668,65.74230,11.37226, 6, 2,429,327,244,0.9078458,34.60731,117,74.18059,1.7514212,0.000000000,"Sep","Jul","C3",1.7917595,0.000000,"1",0.60330833,"winter", 100, 200, 300, 400, 500, 600, 700, 800, 900,1000,0.0132583367,0.0083015481,0.0083903045,0.0193471810,0.0415424560,0.0292832875,0.0041114983,0.0007350689,0.0006008959,0.0031583103,"0.0132583367_0.0083015481_0.0083903045_0.019347181_0.041542456_0.0292832875_0.0041114983_0.0007350689_0.0006008959_0.0031583103", 0.5372073,-1.85512638
"89","Reiffenhausen","2016","barley", 4.0, 5.9860750,238.00000, 8.667668,65.74230,11.37226, 6, 2,429,327,244,0.9078458,34.60731,117,74.18059,1.7514212,0.000000000,"Sep","Jul","C3",1.7917595,1.386294,"4",1.12108055,"winter", 100, 200, 300, 400, 500, 600, 700, 800, 900,1000,0.0132583367,0.0083015481,0.0083903045,0.0193471810,0.0415424560,0.0292832875,0.0041114983,0.0007350689,0.0006008959,0.0031583103,"0.0132583367_0.0083015481_0.0083903045_0.019347181_0.041542456_0.0292832875_0.0041114983_0.0007350689_0.0006008959_0.0031583103", 0.5372073,-1.85512638
"90","Reiffenhausen","2016","barley", 7.0, 6.8112000,238.00000, 8.667668,65.74230,11.37226, 6, 2,429,327,244,0.9078458,34.60731,117,74.18059,1.7514212,0.000000000,"Sep","Jul","C3",1.7917595,1.945910,"7",1.27561112,"winter", 100, 200, 300, 400, 500, 600, 700, 800, 900,1000,0.0132583367,0.0083015481,0.0083903045,0.0193471810,0.0415424560,0.0292832875,0.0041114983,0.0007350689,0.0006008959,0.0031583103,"0.0132583367_0.0083015481_0.0083903045_0.019347181_0.041542456_0.0292832875_0.0041114983_0.0007350689_0.0006008959_0.0031583103", 0.5372073,-1.85512638
"91","Reiffenhausen","2017","rapeseed", 1.0, 1.9439750,NA, 8.249486,69.13877,11.97388, 7, 3,429,327,244,0.9078458,34.60731,117,74.18059,1.7514212,0.282940361,"Sep","Jul","C3",1.9459101,0.000000,"1",0.72406472,"winter", 100, 200, 300, 400, 500, 600, 700, 800, 900,1000,0.1523388116,0.0429955947,0.0635753508,0.0706730319,0.0703373166,0.0460882297,0.0236816139,0.0197117933,0.0220110915,0.0242076270,"0.1523388116_0.0429955947_0.0635753508_0.0706730319_0.0703373166_0.0460882297_0.0236816139_0.0197117933_0.0220110915_0.024207627", 0.5372073,-1.96554190
"92","Reiffenhausen","2017","rapeseed", 4.0, 2.9556250,NA, 8.249486,69.13877,11.97388, 7, 3,429,327,244,0.9078458,34.60731,117,74.18059,1.7514212,0.282940361,"Sep","Jul","C3",1.9459101,1.386294,"4",1.10087002,"winter", 100, 200, 300, 400, 500, 600, 700, 800, 900,1000,0.1523388116,0.0429955947,0.0635753508,0.0706730319,0.0703373166,0.0460882297,0.0236816139,0.0197117933,0.0220110915,0.0242076270,"0.1523388116_0.0429955947_0.0635753508_0.0706730319_0.0703373166_0.0460882297_0.0236816139_0.0197117933_0.0220110915_0.024207627", 0.5372073,-1.96554190
"93","Reiffenhausen","2017","rapeseed", 7.0, 3.1548250,NA, 8.249486,69.13877,11.97388, 7, 3,429,327,244,0.9078458,34.60731,117,74.18059,1.7514212,0.282940361,"Sep","Jul","C3",1.9459101,1.945910,"7",1.17506526,"winter", 100, 200, 300, 400, 500, 600, 700, 800, 900,1000,0.1523388116,0.0429955947,0.0635753508,0.0706730319,0.0703373166,0.0460882297,0.0236816139,0.0197117933,0.0220110915,0.0242076270,"0.1523388116_0.0429955947_0.0635753508_0.0706730319_0.0703373166_0.0460882297_0.0236816139_0.0197117933_0.0220110915_0.024207627", 0.5372073,-1.96554190
"94","Vechta","2019","maize", 1.0,22.3075000,153.00000,16.557576,25.10586,20.78298, 1, 2,111,606,284,0.6089232,31.29262, 86,68.45905,0.8138427,0.265013774,"May","Sep","C3",0.0000000,0.000000,"1",0.98734878,"summer", 100, 200, 300, 400, 500, 600, 700, 800, 900,1000,0.2014489367,0.1055424528,0.1613076675,0.1229896733,0.0469077202,0.0468350669,0.0858619798,0.0530261474,0.0324976406,0.0475658776,"0.2014489367_0.1055424528_0.1613076675_0.1229896733_0.0469077202_0.0468350669_0.0858619798_0.0530261474_0.0324976406_0.0475658776",-1.9187146, 2.78491952
"95","Vechta","2019","maize", 7.0,21.8175000,153.00000,16.557576,25.10586,20.78298, 1, 2,111,606,284,0.6089232,31.29262, 86,68.45905,0.8138427,0.265013774,"May","Sep","C3",0.0000000,1.945910,"7",0.96566096,"summer", 100, 200, 300, 400, 500, 600, 700, 800, 900,1000,0.2014489367,0.1055424528,0.1613076675,0.1229896733,0.0469077202,0.0468350669,0.0858619798,0.0530261474,0.0324976406,0.0475658776,"0.2014489367_0.1055424528_0.1613076675_0.1229896733_0.0469077202_0.0468350669_0.0858619798_0.0530261474_0.0324976406_0.0475658776",-1.9187146, 2.78491952
"96","Vechta","2019","maize",24.0,23.6550000,153.00000,16.557576,25.10586,20.78298, 1, 2,111,606,284,0.6089232,31.29262, 86,68.45905,0.8138427,0.265013774,"May","Sep","C3",0.0000000,3.178054,"24",1.04699026,"summer", 100, 200, 300, 400, 500, 600, 700, 800, 900,1000,0.2014489367,0.1055424528,0.1613076675,0.1229896733,0.0469077202,0.0468350669,0.0858619798,0.0530261474,0.0324976406,0.0475658776,"0.2014489367_0.1055424528_0.1613076675_0.1229896733_0.0469077202_0.0468350669_0.0858619798_0.0530261474_0.0324976406_0.0475658776",-1.9187146, 2.78491952
"97","Vechta","2020","rye", 1.0, 4.6100000,180.00000,10.644634,69.28825,14.63672, 2, 3,111,606,284,0.6042268,31.54987, 83,68.64749,0.8138427,0.292011019,"Oct","Aug","C3",0.6931472,0.000000,"1",0.89362733,"winter", 100, 200, 300, 400, 500, 600, 700, 800, 900,1000,0.2495910259,0.0571933962,0.0538767609,0.0789740985,0.0407650426,0.0180089153,0.0376324632,0.0254616932,0.0299536334,0.0381866905,"0.2495910259_0.0571933962_0.0538767609_0.0789740985_0.0407650426_0.0180089153_0.0376324632_0.0254616932_0.0299536334_0.0381866905",-1.9187146,-1.00072922
"98","Vechta","2020","rye", 4.0, 5.2500000,180.00000,10.644634,69.28825,14.63672, 2, 3,111,606,284,0.6042268,31.54987, 83,68.64749,0.8138427,0.292011019,"Oct","Aug","C3",0.6931472,1.386294,"4",1.01768839,"winter", 100, 200, 300, 400, 500, 600, 700, 800, 900,1000,0.2495910259,0.0571933962,0.0538767609,0.0789740985,0.0407650426,0.0180089153,0.0376324632,0.0254616932,0.0299536334,0.0381866905,"0.2495910259_0.0571933962_0.0538767609_0.0789740985_0.0407650426_0.0180089153_0.0376324632_0.0254616932_0.0299536334_0.0381866905",-1.9187146,-1.00072922
"99","Vechta","2020","rye", 7.0, 5.3100000,180.00000,10.644634,69.28825,14.63672, 2, 3,111,606,284,0.6042268,31.54987, 83,68.64749,0.8138427,0.292011019,"Oct","Aug","C3",0.6931472,1.945910,"7",1.02931912,"winter", 100, 200, 300, 400, 500, 600, 700, 800, 900,1000,0.2495910259,0.0571933962,0.0538767609,0.0789740985,0.0407650426,0.0180089153,0.0376324632,0.0254616932,0.0299536334,0.0381866905,"0.2495910259_0.0571933962_0.0538767609_0.0789740985_0.0407650426_0.0180089153_0.0376324632_0.0254616932_0.0299536334_0.0381866905",-1.9187146,-1.00072922
"100","Vechta","2020","rye",24.0, 5.4650000,180.00000,10.644634,69.28825,14.63672, 2, 3,111,606,284,0.6042268,31.54987, 83,68.64749,0.8138427,0.292011019,"Oct","Aug","C3",0.6931472,3.178054,"24",1.05936516,"winter", 100, 200, 300, 400, 500, 600, 700, 800, 900,1000,0.2495910259,0.0571933962,0.0538767609,0.0789740985,0.0407650426,0.0180089153,0.0376324632,0.0254616932,0.0299536334,0.0381866905,"0.2495910259_0.0571933962_0.0538767609_0.0789740985_0.0407650426_0.0180089153_0.0376324632_0.0254616932_0.0299536334_0.0381866905",-1.9187146,-1.00072922
"101","Vechta","2021","potato", 1.0, 9.4614500,131.00000,13.970024,46.81256,16.14397, 3, 4,111,606,284,0.5863674,30.04514, 83,69.62038,0.8138427,0.292011019,"Apr","Oct","C3",1.0986123,0.000000,"1",0.88040361,"summer", 100, 200, 300, 400, 500, 600, 700, 800, 900,1000,0.2495910259,0.0571933962,0.0538767609,0.0789740985,0.0407650426,0.0180089153,0.0376324632,0.0254616932,0.0299536334,0.0381866905,"0.2495910259_0.0571933962_0.0538767609_0.0789740985_0.0407650426_0.0180089153_0.0376324632_0.0254616932_0.0299536334_0.0381866905",-1.9187146, 0.73707231
"102","Vechta","2021","potato", 4.0,11.6687500,131.00000,13.970024,46.81256,16.14397, 3, 4,111,606,284,0.5863674,30.04514, 83,69.62038,0.8138427,0.292011019,"Apr","Oct","C3",1.0986123,1.386294,"4",1.08579654,"summer", 100, 200, 300, 400, 500, 600, 700, 800, 900,1000,0.2495910259,0.0571933962,0.0538767609,0.0789740985,0.0407650426,0.0180089153,0.0376324632,0.0254616932,0.0299536334,0.0381866905,"0.2495910259_0.0571933962_0.0538767609_0.0789740985_0.0407650426_0.0180089153_0.0376324632_0.0254616932_0.0299536334_0.0381866905",-1.9187146, 0.73707231
"103","Vechta","2021","potato", 7.0,10.5072750,131.00000,13.970024,46.81256,16.14397, 3, 4,111,606,284,0.5863674,30.04514, 83,69.62038,0.8138427,0.292011019,"Apr","Oct","C3",1.0986123,1.945910,"7",0.97771936,"summer", 100, 200, 300, 400, 500, 600, 700, 800, 900,1000,0.2495910259,0.0571933962,0.0538767609,0.0789740985,0.0407650426,0.0180089153,0.0376324632,0.0254616932,0.0299536334,0.0381866905,"0.2495910259_0.0571933962_0.0538767609_0.0789740985_0.0407650426_0.0180089153_0.0376324632_0.0254616932_0.0299536334_0.0381866905",-1.9187146, 0.73707231
"104","Vechta","2021","potato",24.0,11.3494000,131.00000,13.970024,46.81256,16.14397, 3, 4,111,606,284,0.5863674,30.04514, 83,69.62038,0.8138427,0.292011019,"Apr","Oct","C3",1.0986123,3.178054,"24",1.05608049,"summer", 100, 200, 300, 400, 500, 600, 700, 800, 900,1000,0.2495910259,0.0571933962,0.0538767609,0.0789740985,0.0407650426,0.0180089153,0.0376324632,0.0254616932,0.0299536334,0.0381866905,"0.2495910259_0.0571933962_0.0538767609_0.0789740985_0.0407650426_0.0180089153_0.0376324632_0.0254616932_0.0299536334_0.0381866905",-1.9187146, 0.73707231
"105","Vechta","2022","rye", 1.0, 5.7700000,178.00000, 9.420202,44.78073,14.82332, 4, 5,111,606,284,0.6120227,31.74721, 82,68.27553,0.8138427,0.292011019,"Nov","Jul","C3",1.3862944,0.000000,"1",0.94213695,"winter", 100, 200, 300, 400, 500, 600, 700, 800, 900,1000,0.2495910259,0.0571933962,0.0538767609,0.0789740985,0.0407650426,0.0180089153,0.0376324632,0.0254616932,0.0299536334,0.0381866905,"0.2495910259_0.0571933962_0.0538767609_0.0789740985_0.0407650426_0.0180089153_0.0376324632_0.0254616932_0.0299536334_0.0381866905",-1.9187146,-0.43812368
"106","Vechta","2022","rye", 4.0, 5.8975000,178.00000, 9.420202,44.78073,14.82332, 4, 5,111,606,284,0.6120227,31.74721, 82,68.27553,0.8138427,0.292011019,"Nov","Jul","C3",1.3862944,1.386294,"4",0.96295540,"winter", 100, 200, 300, 400, 500, 600, 700, 800, 900,1000,0.2495910259,0.0571933962,0.0538767609,0.0789740985,0.0407650426,0.0180089153,0.0376324632,0.0254616932,0.0299536334,0.0381866905,"0.2495910259_0.0571933962_0.0538767609_0.0789740985_0.0407650426_0.0180089153_0.0376324632_0.0254616932_0.0299536334_0.0381866905",-1.9187146,-0.43812368
"107","Vechta","2022","rye", 7.0, 6.0450000,178.00000, 9.420202,44.78073,14.82332, 4, 5,111,606,284,0.6120227,31.74721, 82,68.27553,0.8138427,0.292011019,"Nov","Jul","C3",1.3862944,1.945910,"7",0.98703949,"winter", 100, 200, 300, 400, 500, 600, 700, 800, 900,1000,0.2495910259,0.0571933962,0.0538767609,0.0789740985,0.0407650426,0.0180089153,0.0376324632,0.0254616932,0.0299536334,0.0381866905,"0.2495910259_0.0571933962_0.0538767609_0.0789740985_0.0407650426_0.0180089153_0.0376324632_0.0254616932_0.0299536334_0.0381866905",-1.9187146,-0.43812368
"108","Vechta","2022","rye",24.0, 6.7850000,178.00000, 9.420202,44.78073,14.82332, 4, 5,111,606,284,0.6120227,31.74721, 82,68.27553,0.8138427,0.292011019,"Nov","Jul","C3",1.3862944,3.178054,"24",1.10786815,"winter", 100, 200, 300, 400, 500, 600, 700, 800, 900,1000,0.2495910259,0.0571933962,0.0538767609,0.0789740985,0.0407650426,0.0180089153,0.0376324632,0.0254616932,0.0299536334,0.0381866905,"0.2495910259_0.0571933962_0.0538767609_0.0789740985_0.0407650426_0.0180089153_0.0376324632_0.0254616932_0.0299536334_0.0381866905",-1.9187146,-0.43812368
"109","Vechta","2023","rapeseed", 1.0, 2.1602500,NA,10.045455,71.55120,14.19990, 5, 6,111,606,284,0.6126827,31.88464, 91,68.22526,0.8138427,0.292011019,"Sep","Jul","C3",1.6094379,0.000000,"1",0.80510587,"winter", 100, 200, 300, 400, 500, 600, 700, 800, 900,1000,0.2495910259,0.0571933962,0.0538767609,0.0789740985,0.0407650426,0.0180089153,0.0376324632,0.0254616932,0.0299536334,0.0381866905,"0.2495910259_0.0571933962_0.0538767609_0.0789740985_0.0407650426_0.0180089153_0.0376324632_0.0254616932_0.0299536334_0.0381866905",-1.9187146,-1.28131516
"110","Vechta","2023","rapeseed", 4.0, 2.9025000,NA,10.045455,71.55120,14.19990, 5, 6,111,606,284,0.6126827,31.88464, 91,68.22526,0.8138427,0.292011019,"Sep","Jul","C3",1.6094379,1.386294,"4",1.08173581,"winter", 100, 200, 300, 400, 500, 600, 700, 800, 900,1000,0.2495910259,0.0571933962,0.0538767609,0.0789740985,0.0407650426,0.0180089153,0.0376324632,0.0254616932,0.0299536334,0.0381866905,"0.2495910259_0.0571933962_0.0538767609_0.0789740985_0.0407650426_0.0180089153_0.0376324632_0.0254616932_0.0299536334_0.0381866905",-1.9187146,-1.28131516
"111","Vechta","2023","rapeseed", 7.0, 3.0400000,NA,10.045455,71.55120,14.19990, 5, 6,111,606,284,0.6126827,31.88464, 91,68.22526,0.8138427,0.292011019,"Sep","Jul","C3",1.6094379,1.945910,"7",1.13298083,"winter", 100, 200, 300, 400, 500, 600, 700, 800, 900,1000,0.2495910259,0.0571933962,0.0538767609,0.0789740985,0.0407650426,0.0180089153,0.0376324632,0.0254616932,0.0299536334,0.0381866905,"0.2495910259_0.0571933962_0.0538767609_0.0789740985_0.0407650426_0.0180089153_0.0376324632_0.0254616932_0.0299536334_0.0381866905",-1.9187146,-1.28131516
"112","Vechta","2023","rapeseed",24.0, 2.6300000,NA,10.045455,71.55120,14.19990, 5, 6,111,606,284,0.6126827,31.88464, 91,68.22526,0.8138427,0.292011019,"Sep","Jul","C3",1.6094379,3.178054,"24",0.98017749,"winter", 100, 200, 300, 400, 500, 600, 700, 800, 900,1000,0.2495910259,0.0571933962,0.0538767609,0.0789740985,0.0407650426,0.0180089153,0.0376324632,0.0254616932,0.0299536334,0.0381866905,"0.2495910259_0.0571933962_0.0538767609_0.0789740985_0.0407650426_0.0180089153_0.0376324632_0.0254616932_0.0299536334_0.0381866905",-1.9187146,-1.28131516
"113","Wendhausen","2016","rapeseed", 1.0, 0.8154000,221.00000, 9.826881,58.17677,12.90557, 9, 4,195,462,343,0.9989174,27.89514,117,72.20601,1.4311617,0.003466367,"Sep","Jul","C3",2.1972246,0.000000,"1",0.32977349,"winter", 100, 200, 300, 400, 500, 600, 700, 800, 900,1000,0.0444414787,0.0202052259,0.0272370144,0.0233390500,0.0150864872,0.0021280267,0.0340973767,0.0177289996,0.0204379562,0.0183779938,"0.0444414787_0.0202052259_0.0272370144_0.02333905_0.0150864872_0.0021280267_0.0340973767_0.0177289996_0.0204379562_0.0183779938",-0.7310590,-1.09650090
"114","Wendhausen","2016","rapeseed", 4.0, 2.6592750,221.00000, 9.826881,58.17677,12.90557, 9, 4,195,462,343,0.9989174,27.89514,117,72.20601,1.4311617,0.003466367,"Sep","Jul","C3",2.1972246,1.386294,"4",1.07549473,"winter", 100, 200, 300, 400, 500, 600, 700, 800, 900,1000,0.0444414787,0.0202052259,0.0272370144,0.0233390500,0.0150864872,0.0021280267,0.0340973767,0.0177289996,0.0204379562,0.0183779938,"0.0444414787_0.0202052259_0.0272370144_0.02333905_0.0150864872_0.0021280267_0.0340973767_0.0177289996_0.0204379562_0.0183779938",-0.7310590,-1.09650090
"115","Wendhausen","2016","rapeseed", 7.0, 3.0780250,221.00000, 9.826881,58.17677,12.90557, 9, 4,195,462,343,0.9989174,27.89514,117,72.20601,1.4311617,0.003466367,"Sep","Jul","C3",2.1972246,1.945910,"7",1.24485045,"winter", 100, 200, 300, 400, 500, 600, 700, 800, 900,1000,0.0444414787,0.0202052259,0.0272370144,0.0233390500,0.0150864872,0.0021280267,0.0340973767,0.0177289996,0.0204379562,0.0183779938,"0.0444414787_0.0202052259_0.0272370144_0.02333905_0.0150864872_0.0021280267_0.0340973767_0.0177289996_0.0204379562_0.0183779938",-0.7310590,-1.09650090
"116","Wendhausen","2016","rapeseed",24.0, 3.3377250,221.00000, 9.826881,58.17677,12.90557, 9, 4,195,462,343,0.9989174,27.89514,117,72.20601,1.4311617,0.003466367,"Sep","Jul","C3",2.1972246,3.178054,"24",1.34988132,"winter", 100, 200, 300, 400, 500, 600, 700, 800, 900,1000,0.0444414787,0.0202052259,0.0272370144,0.0233390500,0.0150864872,0.0021280267,0.0340973767,0.0177289996,0.0204379562,0.0183779938,"0.0444414787_0.0202052259_0.0272370144_0.02333905_0.0150864872_0.0021280267_0.0340973767_0.0177289996_0.0204379562_0.0183779938",-0.7310590,-1.09650090
"117","Wendhausen","2017","wheat", 1.0, 3.2940750,221.00000, 8.549630,60.19612,11.67596,10, 5,195,462,343,0.9989174,27.89514,117,72.20601,1.4311617,0.012224759,"Oct","Jul","C3",2.3025851,0.000000,"1",0.60177707,"winter", 100, 200, 300, 400, 500, 600, 700, 800, 900,1000,0.0332072299,0.0141348632,0.0262723521,0.0184804928,0.0186529027,0.0034410939,0.0368442456,0.0199306119,0.0266464032,0.0318122393,"0.0332072299_0.0141348632_0.0262723521_0.0184804928_0.0186529027_0.0034410939_0.0368442456_0.0199306119_0.0266464032_0.0318122393",-0.7310590,-1.64982364
"118","Wendhausen","2017","wheat", 4.0, 5.4432000,221.00000, 8.549630,60.19612,11.67596,10, 5,195,462,343,0.9989174,27.89514,117,72.20601,1.4311617,0.012224759,"Oct","Jul","C3",2.3025851,1.386294,"4",0.99438930,"winter", 100, 200, 300, 400, 500, 600, 700, 800, 900,1000,0.0332072299,0.0141348632,0.0262723521,0.0184804928,0.0186529027,0.0034410939,0.0368442456,0.0199306119,0.0266464032,0.0318122393,"0.0332072299_0.0141348632_0.0262723521_0.0184804928_0.0186529027_0.0034410939_0.0368442456_0.0199306119_0.0266464032_0.0318122393",-0.7310590,-1.64982364
"119","Wendhausen","2017","wheat", 7.0, 6.1303750,221.00000, 8.549630,60.19612,11.67596,10, 5,195,462,343,0.9989174,27.89514,117,72.20601,1.4311617,0.012224759,"Oct","Jul","C3",2.3025851,1.945910,"7",1.11992565,"winter", 100, 200, 300, 400, 500, 600, 700, 800, 900,1000,0.0332072299,0.0141348632,0.0262723521,0.0184804928,0.0186529027,0.0034410939,0.0368442456,0.0199306119,0.0266464032,0.0318122393,"0.0332072299_0.0141348632_0.0262723521_0.0184804928_0.0186529027_0.0034410939_0.0368442456_0.0199306119_0.0266464032_0.0318122393",-0.7310590,-1.64982364
"120","Wendhausen","2017","wheat",24.0, 7.0280000,221.00000, 8.549630,60.19612,11.67596,10, 5,195,462,343,0.9989174,27.89514,117,72.20601,1.4311617,0.012224759,"Oct","Jul","C3",2.3025851,3.178054,"24",1.28390799,"winter", 100, 200, 300, 400, 500, 600, 700, 800, 900,1000,0.0332072299,0.0141348632,0.0262723521,0.0184804928,0.0186529027,0.0034410939,0.0368442456,0.0199306119,0.0266464032,0.0318122393,"0.0332072299_0.0141348632_0.0262723521_0.0184804928_0.0186529027_0.0034410939_0.0368442456_0.0199306119_0.0266464032_0.0318122393",-0.7310590,-1.64982364
"121","Wendhausen","2019","maize", 1.0, 0.5000176,101.00000,15.399472,34.30245,20.74928,12, 7,195,462,343,0.9974024,24.93507, 68,66.68686,1.4311617,0.012224759,"Apr","Oct","C3",2.4849066,0.000000,"1",0.05176934,"summer", 100, 200, 300, 400, 500, 600, 700, 800, 900,1000,0.0332072299,0.0141348632,0.0262723521,0.0184804928,0.0186529027,0.0034410939,0.0368442456,0.0199306119,0.0266464032,0.0318122393,"0.0332072299_0.0141348632_0.0262723521_0.0184804928_0.0186529027_0.0034410939_0.0368442456_0.0199306119_0.0266464032_0.0318122393",-0.7310590, 2.21328708
"122","Wendhausen","2019","maize", 4.0, 9.7351368,101.00000,15.399472,34.30245,20.74928,12, 7,195,462,343,0.9974024,24.93507, 68,66.68686,1.4311617,0.012224759,"Apr","Oct","C3",2.4849066,1.386294,"4",1.00792783,"summer", 100, 200, 300, 400, 500, 600, 700, 800, 900,1000,0.0332072299,0.0141348632,0.0262723521,0.0184804928,0.0186529027,0.0034410939,0.0368442456,0.0199306119,0.0266464032,0.0318122393,"0.0332072299_0.0141348632_0.0262723521_0.0184804928_0.0186529027_0.0034410939_0.0368442456_0.0199306119_0.0266464032_0.0318122393",-0.7310590, 2.21328708
"123","Wendhausen","2019","maize", 7.0,12.0288178,101.00000,15.399472,34.30245,20.74928,12, 7,195,462,343,0.9974024,24.93507, 68,66.68686,1.4311617,0.012224759,"Apr","Oct","C3",2.4849066,1.945910,"7",1.24540419,"summer", 100, 200, 300, 400, 500, 600, 700, 800, 900,1000,0.0332072299,0.0141348632,0.0262723521,0.0184804928,0.0186529027,0.0034410939,0.0368442456,0.0199306119,0.0266464032,0.0318122393,"0.0332072299_0.0141348632_0.0262723521_0.0184804928_0.0186529027_0.0034410939_0.0368442456_0.0199306119_0.0266464032_0.0318122393",-0.7310590, 2.21328708
"124","Wendhausen","2019","maize",24.0,16.3702892,101.00000,15.399472,34.30245,20.74928,12, 7,195,462,343,0.9974024,24.93507, 68,66.68686,1.4311617,0.012224759,"Apr","Oct","C3",2.4849066,3.178054,"24",1.69489863,"summer", 100, 200, 300, 400, 500, 600, 700, 800, 900,1000,0.0332072299,0.0141348632,0.0262723521,0.0184804928,0.0186529027,0.0034410939,0.0368442456,0.0199306119,0.0266464032,0.0318122393,"0.0332072299_0.0141348632_0.0262723521_0.0184804928_0.0186529027_0.0034410939_0.0368442456_0.0199306119_0.0266464032_0.0318122393",-0.7310590, 2.21328708
"125","Wendhausen","2020","maize", 1.0, 0.7623028,148.00000,15.782717,24.65940,23.74143,13, 8,195,462,343,0.9976473,25.24165, 70,66.65013,1.4311617,0.011120112,"Apr","Sep","C3",2.5649494,0.000000,"1",0.06126472,"summer", 100, 200, 300, 400, 500, 600, 700, 800, 900,1000,0.0900588483,0.0604473268,0.0640302613,0.0374303315,0.0352105478,0.0162093634,0.0890605937,0.0659924707,0.0643026005,0.0625350184,"0.0900588483_0.0604473268_0.0640302613_0.0374303315_0.0352105478_0.0162093634_0.0890605937_0.0659924707_0.0643026005_0.0625350184",-0.7310590, 3.09893801
"126","Wendhausen","2020","maize", 4.0, 9.7493537,148.00000,15.782717,24.65940,23.74143,13, 8,195,462,343,0.9976473,25.24165, 70,66.65013,1.4311617,0.011120112,"Apr","Sep","C3",2.5649494,1.386294,"4",0.78353560,"summer", 100, 200, 300, 400, 500, 600, 700, 800, 900,1000,0.0900588483,0.0604473268,0.0640302613,0.0374303315,0.0352105478,0.0162093634,0.0890605937,0.0659924707,0.0643026005,0.0625350184,"0.0900588483_0.0604473268_0.0640302613_0.0374303315_0.0352105478_0.0162093634_0.0890605937_0.0659924707_0.0643026005_0.0625350184",-0.7310590, 3.09893801
"127","Wendhausen","2020","maize", 7.0,16.5786916,148.00000,15.782717,24.65940,23.74143,13, 8,195,462,343,0.9976473,25.24165, 70,66.65013,1.4311617,0.011120112,"Apr","Sep","C3",2.5649494,1.945910,"7",1.33239551,"summer", 100, 200, 300, 400, 500, 600, 700, 800, 900,1000,0.0900588483,0.0604473268,0.0640302613,0.0374303315,0.0352105478,0.0162093634,0.0890605937,0.0659924707,0.0643026005,0.0625350184,"0.0900588483_0.0604473268_0.0640302613_0.0374303315_0.0352105478_0.0162093634_0.0890605937_0.0659924707_0.0643026005_0.0625350184",-0.7310590, 3.09893801
"128","Wendhausen","2020","maize",24.0,22.6807342,148.00000,15.782717,24.65940,23.74143,13, 8,195,462,343,0.9976473,25.24165, 70,66.65013,1.4311617,0.011120112,"Apr","Sep","C3",2.5649494,3.178054,"24",1.82280418,"summer", 100, 200, 300, 400, 500, 600, 700, 800, 900,1000,0.0900588483,0.0604473268,0.0640302613,0.0374303315,0.0352105478,0.0162093634,0.0890605937,0.0659924707,0.0643026005,0.0625350184,"0.0900588483_0.0604473268_0.0640302613_0.0374303315_0.0352105478_0.0162093634_0.0890605937_0.0659924707_0.0643026005_0.0625350184",-0.7310590, 3.09893801
"129","Wendhausen","2021","barley", 1.0, 3.3673828,100.00000,12.579507,25.23812,18.36042,14, 1,195,462,343,0.9987915,25.76319, 92,66.56649,1.4311617,0.011120112,"Mar","Jul","C3",2.6390573,0.000000,"1",0.69019727,"summer", 100, 200, 300, 400, 500, 600, 700, 800, 900,1000,0.0900588483,0.0604473268,0.0640302613,0.0374303315,0.0352105478,0.0162093634,0.0890605937,0.0659924707,0.0643026005,0.0625350184,"0.0900588483_0.0604473268_0.0640302613_0.0374303315_0.0352105478_0.0162093634_0.0890605937_0.0659924707_0.0643026005_0.0625350184",-0.7310590, 1.49086046
"130","Wendhausen","2021","barley", 4.0, 5.1251109,100.00000,12.579507,25.23812,18.36042,14, 1,195,462,343,0.9987915,25.76319, 92,66.56649,1.4311617,0.011120112,"Mar","Jul","C3",2.6390573,1.386294,"4",1.05047087,"summer", 100, 200, 300, 400, 500, 600, 700, 800, 900,1000,0.0900588483,0.0604473268,0.0640302613,0.0374303315,0.0352105478,0.0162093634,0.0890605937,0.0659924707,0.0643026005,0.0625350184,"0.0900588483_0.0604473268_0.0640302613_0.0374303315_0.0352105478_0.0162093634_0.0890605937_0.0659924707_0.0643026005_0.0625350184",-0.7310590, 1.49086046
"131","Wendhausen","2021","barley", 7.0, 5.8247952,100.00000,12.579507,25.23812,18.36042,14, 1,195,462,343,0.9987915,25.76319, 92,66.56649,1.4311617,0.011120112,"Mar","Jul","C3",2.6390573,1.945910,"7",1.19388200,"summer", 100, 200, 300, 400, 500, 600, 700, 800, 900,1000,0.0900588483,0.0604473268,0.0640302613,0.0374303315,0.0352105478,0.0162093634,0.0890605937,0.0659924707,0.0643026005,0.0625350184,"0.0900588483_0.0604473268_0.0640302613_0.0374303315_0.0352105478_0.0162093634_0.0890605937_0.0659924707_0.0643026005_0.0625350184",-0.7310590, 1.49086046
"132","Wendhausen","2021","barley",24.0, 5.1981915,100.00000,12.579507,25.23812,18.36042,14, 1,195,462,343,0.9987915,25.76319, 92,66.56649,1.4311617,0.011120112,"Mar","Jul","C3",2.6390573,3.178054,"24",1.06544987,"summer", 100, 200, 300, 400, 500, 600, 700, 800, 900,1000,0.0900588483,0.0604473268,0.0640302613,0.0374303315,0.0352105478,0.0162093634,0.0890605937,0.0659924707,0.0643026005,0.0625350184,"0.0900588483_0.0604473268_0.0640302613_0.0374303315_0.0352105478_0.0162093634_0.0890605937_0.0659924707_0.0643026005_0.0625350184",-0.7310590, 1.49086046
"133","Wendhausen","2022","rapeseed", 1.0, 1.7038261,160.00000,10.208699,41.07079,14.85518,15, 2,195,462,343,0.9962588,26.05919, 77,66.63315,1.4311617,0.011120112,"Sep","Jul","C3",2.7080502,0.000000,"1",0.49544392,"winter", 100, 200, 300, 400, 500, 600, 700, 800, 900,1000,0.0900588483,0.0604473268,0.0640302613,0.0374303315,0.0352105478,0.0162093634,0.0890605937,0.0659924707,0.0643026005,0.0625350184,"0.0900588483_0.0604473268_0.0640302613_0.0374303315_0.0352105478_0.0162093634_0.0890605937_0.0659924707_0.0643026005_0.0625350184",-0.7310590,-0.13182425
"134","Wendhausen","2022","rapeseed", 4.0, 3.7377193,160.00000,10.208699,41.07079,14.85518,15, 2,195,462,343,0.9962588,26.05919, 77,66.63315,1.4311617,0.011120112,"Sep","Jul","C3",2.7080502,1.386294,"4",1.08686581,"winter", 100, 200, 300, 400, 500, 600, 700, 800, 900,1000,0.0900588483,0.0604473268,0.0640302613,0.0374303315,0.0352105478,0.0162093634,0.0890605937,0.0659924707,0.0643026005,0.0625350184,"0.0900588483_0.0604473268_0.0640302613_0.0374303315_0.0352105478_0.0162093634_0.0890605937_0.0659924707_0.0643026005_0.0625350184",-0.7310590,-0.13182425
"135","Wendhausen","2022","rapeseed", 7.0, 4.1417526,160.00000,10.208699,41.07079,14.85518,15, 2,195,462,343,0.9962588,26.05919, 77,66.63315,1.4311617,0.011120112,"Sep","Jul","C3",2.7080502,1.945910,"7",1.20435190,"winter", 100, 200, 300, 400, 500, 600, 700, 800, 900,1000,0.0900588483,0.0604473268,0.0640302613,0.0374303315,0.0352105478,0.0162093634,0.0890605937,0.0659924707,0.0643026005,0.0625350184,"0.0900588483_0.0604473268_0.0640302613_0.0374303315_0.0352105478_0.0162093634_0.0890605937_0.0659924707_0.0643026005_0.0625350184",-0.7310590,-0.13182425
"136","Wendhausen","2022","rapeseed",24.0, 4.1726570,160.00000,10.208699,41.07079,14.85518,15, 2,195,462,343,0.9962588,26.05919, 77,66.63315,1.4311617,0.011120112,"Sep","Jul","C3",2.7080502,3.178054,"24",1.21333838,"winter", 100, 200, 300, 400, 500, 600, 700, 800, 900,1000,0.0900588483,0.0604473268,0.0640302613,0.0374303315,0.0352105478,0.0162093634,0.0890605937,0.0659924707,0.0643026005,0.0625350184,"0.0900588483_0.0604473268_0.0640302613_0.0374303315_0.0352105478_0.0162093634_0.0890605937_0.0659924707_0.0643026005_0.0625350184",-0.7310590,-0.13182425
"137","Wendhausen","2023","maize", 1.0, 2.2260699,139.00000,15.949384,34.73259,22.51592,16, 3,195,462,343,1.0216997,28.69859, 95,65.62885,1.4311617,0.011120112,"Apr","Sep","C3",2.7725887,0.000000,"1",0.19764195,"summer", 100, 200, 300, 400, 500, 600, 700, 800, 900,1000,0.0900588483,0.0604473268,0.0640302613,0.0374303315,0.0352105478,0.0162093634,0.0890605937,0.0659924707,0.0643026005,0.0625350184,"0.0900588483_0.0604473268_0.0640302613_0.0374303315_0.0352105478_0.0162093634_0.0890605937_0.0659924707_0.0643026005_0.0625350184",-0.7310590, 2.60710835
"138","Wendhausen","2023","maize", 4.0, 8.6282031,139.00000,15.949384,34.73259,22.51592,16, 3,195,462,343,1.0216997,28.69859, 95,65.62885,1.4311617,0.011120112,"Apr","Sep","C3",2.7725887,1.386294,"4",0.76605629,"summer", 100, 200, 300, 400, 500, 600, 700, 800, 900,1000,0.0900588483,0.0604473268,0.0640302613,0.0374303315,0.0352105478,0.0162093634,0.0890605937,0.0659924707,0.0643026005,0.0625350184,"0.0900588483_0.0604473268_0.0640302613_0.0374303315_0.0352105478_0.0162093634_0.0890605937_0.0659924707_0.0643026005_0.0625350184",-0.7310590, 2.60710835
"139","Wendhausen","2023","maize", 7.0,16.7312810,139.00000,15.949384,34.73259,22.51592,16, 3,195,462,343,1.0216997,28.69859, 95,65.62885,1.4311617,0.011120112,"Apr","Sep","C3",2.7725887,1.945910,"7",1.48548927,"summer", 100, 200, 300, 400, 500, 600, 700, 800, 900,1000,0.0900588483,0.0604473268,0.0640302613,0.0374303315,0.0352105478,0.0162093634,0.0890605937,0.0659924707,0.0643026005,0.0625350184,"0.0900588483_0.0604473268_0.0640302613_0.0374303315_0.0352105478_0.0162093634_0.0890605937_0.0659924707_0.0643026005_0.0625350184",-0.7310590, 2.60710835
"140","Wendhausen","2023","maize",24.0,17.4670259,139.00000,15.949384,34.73259,22.51592,16, 3,195,462,343,1.0216997,28.69859, 95,65.62885,1.4311617,0.011120112,"Apr","Sep","C3",2.7725887,3.178054,"24",1.55081249,"summer", 100, 200, 300, 400, 500, 600, 700, 800, 900,1000,0.0900588483,0.0604473268,0.0640302613,0.0374303315,0.0352105478,0.0162093634,0.0890605937,0.0659924707,0.0643026005,0.0625350184,"0.0900588483_0.0604473268_0.0640302613_0.0374303315_0.0352105478_0.0162093634_0.0890605937_0.0659924707_0.0643026005_0.0625350184",-0.7310590, 2.60710835
